MEME version 4.11.1

ALPHABET= ACDEFGHIKLMNPQRSTVWY

Background letter frequencies (from unknown source):
A 0.062 C 0.026 D 0.032 E 0.081 F 0.080 G 0.037 H 0.010 I 0.065 K 0.106
L 0.096 M 0.044 N 0.045 P 0.047 Q 0.026 R 0.015 S 0.074 T 0.049 V 0.069
W 0.007 Y 0.030

MOTIF 1

log-odds matrix: alength= 20 w= 11 E= 1.2e-121
  -323    505   -615   -749   -767   -388   -507   -696   -811   -699   -704   -613   -585   -577   -482     84   -450   -574   -564   -672
  -176   -384     26   -196     81     -7    267   -311   -228    -55   -312    -20     35     73     -8     77    161    109   -252   -276
   -55   -293   -382   -426    -27    300   -180   -172   -446    -90    112    -47   -409   -265   -175     36   -215   -155    495     20
  -327    130   -488   -546    185    -17   -174    158   -565     53   -305   -453   -501   -366   -273   -419   -325   -252   -169    295
   -54   -283   -416   -456    215   -315   -192     28   -472     21   -223   -374   -412   -284   -189    -17    100    103    221     17
  -629   -582    383   -733     48   -585    412   -570   -730   -500   -576   -534   -664   -481   -403   -606   -588   -567   -130    304
  -361   -791   -129    305   -818   -424   -320   -620   -432   -594   -603   -423   -479    349   -288   -458   -433   -531   -601   -607
   -70   -429   -319   -410   -549   -307   -234   -451   -439   -421   -482   -396    405   -265   -191    -37     66   -392   -401   -475
  -399   -726   -185    274   -808   -441   -303   -629    199   -595   -609   -431   -512   -216   -170   -478   -450   -553   -549   -589
  -319     36   -535     96   -465   -440   -356    166   -618   -299   -349   -514   -544   -438   -343     38   -327    275   -367   -416
  -642   -737   -648   -802   -863   -587   -549   -845   -827   -783   -879   -746    440   -648   -539   -705   -691   -794   -615   -750


letter-probability matrix: alength= 20 w= 11 nsites= 29 E= 1.2e-121
0.000000 0.862069 0.000000 0.000000 0.000000 0.000000 0.000000 0.000000 0.000000 0.000000 0.000000 0.000000 0.000000 0.000000 0.000000 0.137931 0.000000 0.000000 0.000000 0.000000
0.000000 0.000000 0.034483 0.000000 0.172414 0.034483 0.068966 0.000000 0.000000 0.068966 0.000000 0.034483 0.068966 0.034483 0.000000 0.137931 0.172414 0.172414 0.000000 0.000000
0.034483 0.000000 0.000000 0.000000 0.068966 0.344828 0.000000 0.000000 0.000000 0.034483 0.103448 0.034483 0.000000 0.000000 0.000000 0.103448 0.000000 0.000000 0.241379 0.034483
0.000000 0.068966 0.000000 0.000000 0.310345 0.034483 0.000000 0.206897 0.000000 0.137931 0.000000 0.000000 0.000000 0.000000 0.000000 0.000000 0.000000 0.000000 0.000000 0.241379
0.034483 0.000000 0.000000 0.000000 0.413793 0.000000 0.000000 0.068966 0.000000 0.103448 0.000000 0.000000 0.000000 0.000000 0.000000 0.068966 0.103448 0.137931 0.034483 0.034483
0.000000 0.000000 0.482759 0.000000 0.103448 0.000000 0.172414 0.000000 0.000000 0.000000 0.000000 0.000000 0.000000 0.000000 0.000000 0.000000 0.000000 0.000000 0.000000 0.241379
0.000000 0.000000 0.000000 0.689655 0.000000 0.000000 0.000000 0.000000 0.000000 0.000000 0.000000 0.000000 0.000000 0.310345 0.000000 0.000000 0.000000 0.000000 0.000000 0.000000
0.034483 0.000000 0.000000 0.000000 0.000000 0.000000 0.000000 0.000000 0.000000 0.000000 0.000000 0.000000 0.793103 0.000000 0.000000 0.068966 0.103448 0.000000 0.000000 0.000000
0.000000 0.000000 0.000000 0.551724 0.000000 0.000000 0.000000 0.000000 0.448276 0.000000 0.000000 0.000000 0.000000 0.000000 0.000000 0.000000 0.000000 0.000000 0.000000 0.000000
0.000000 0.034483 0.000000 0.172414 0.000000 0.000000 0.000000 0.206897 0.000000 0.000000 0.000000 0.000000 0.000000 0.000000 0.000000 0.103448 0.000000 0.482759 0.000000 0.000000
0.000000 0.000000 0.000000 0.000000 0.000000 0.000000 0.000000 0.000000 0.000000 0.000000 0.000000 0.000000 1.000000 0.000000 0.000000 0.000000 0.000000 0.000000 0.000000 0.000000