MEME version 4.10.1

ALPHABET= ACDEFGHIKLMNPQRSTVWY

Background letter frequencies (from unknown source):
A 0.118 C 0.003 D 0.126 E 0.153 F 0.029 G 0.050 H 0.003 I 0.003 K 0.003
L 0.109 M 0.056 N 0.082 P 0.029 Q 0.009 R 0.003 S 0.097 T 0.053 V 0.015
W 0.056 Y 0.003

MOTIF BotA_leader

letter-probability matrix: alength= 20 w= 35 nsites= 9 E= 4.7e-131
0.000000 0.000000 0.000000 0.000000 0.000000 0.000000 0.000000 0.000000 0.000000 0.000000 1.000000 0.000000 0.000000 0.000000 0.000000 0.000000 0.000000 0.000000 0.000000 0.000000
0.000000 0.000000 0.000000 0.000000 0.000000 0.000000 0.000000 0.000000 0.000000 0.000000 0.000000 0.000000 0.000000 0.000000 0.000000 0.000000 1.000000 0.000000 0.000000 0.000000
1.000000 0.000000 0.000000 0.000000 0.000000 0.000000 0.000000 0.000000 0.000000 0.000000 0.000000 0.000000 0.000000 0.000000 0.000000 0.000000 0.000000 0.000000 0.000000 0.000000
0.000000 0.000000 1.000000 0.000000 0.000000 0.000000 0.000000 0.000000 0.000000 0.000000 0.000000 0.000000 0.000000 0.000000 0.000000 0.000000 0.000000 0.000000 0.000000 0.000000
0.000000 0.000000 0.000000 0.000000 1.000000 0.000000 0.000000 0.000000 0.000000 0.000000 0.000000 0.000000 0.000000 0.000000 0.000000 0.000000 0.000000 0.000000 0.000000 0.000000
0.000000 0.000000 0.000000 0.000000 0.000000 0.000000 0.000000 0.000000 0.000000 1.000000 0.000000 0.000000 0.000000 0.000000 0.000000 0.000000 0.000000 0.000000 0.000000 0.000000
0.000000 0.000000 0.000000 0.000000 0.000000 0.000000 0.000000 0.000000 0.000000 0.000000 0.000000 1.000000 0.000000 0.000000 0.000000 0.000000 0.000000 0.000000 0.000000 0.000000
0.000000 0.000000 1.000000 0.000000 0.000000 0.000000 0.000000 0.000000 0.000000 0.000000 0.000000 0.000000 0.000000 0.000000 0.000000 0.000000 0.000000 0.000000 0.000000 0.000000
0.000000 0.000000 1.000000 0.000000 0.000000 0.000000 0.000000 0.000000 0.000000 0.000000 0.000000 0.000000 0.000000 0.000000 0.000000 0.000000 0.000000 0.000000 0.000000 0.000000
0.000000 0.000000 0.000000 0.000000 0.000000 0.000000 0.000000 0.000000 0.000000 0.000000 0.000000 0.000000 1.000000 0.000000 0.000000 0.000000 0.000000 0.000000 0.000000 0.000000
0.000000 0.000000 0.000000 0.000000 0.000000 0.000000 0.000000 0.000000 0.000000 0.000000 0.000000 1.000000 0.000000 0.000000 0.000000 0.000000 0.000000 0.000000 0.000000 0.000000
0.000000 0.000000 0.000000 0.000000 0.000000 0.000000 0.000000 0.000000 0.000000 0.000000 0.000000 1.000000 0.000000 0.000000 0.000000 0.000000 0.000000 0.000000 0.000000 0.000000
1.000000 0.000000 0.000000 0.000000 0.000000 0.000000 0.000000 0.000000 0.000000 0.000000 0.000000 0.000000 0.000000 0.000000 0.000000 0.000000 0.000000 0.000000 0.000000 0.000000
0.000000 0.000000 0.000000 1.000000 0.000000 0.000000 0.000000 0.000000 0.000000 0.000000 0.000000 0.000000 0.000000 0.000000 0.000000 0.000000 0.000000 0.000000 0.000000 0.000000
0.000000 0.000000 0.000000 0.000000 0.000000 0.000000 0.000000 0.000000 0.000000 1.000000 0.000000 0.000000 0.000000 0.000000 0.000000 0.000000 0.000000 0.000000 0.000000 0.000000
0.000000 0.000000 0.000000 0.000000 0.000000 0.000000 0.000000 0.000000 0.000000 0.000000 0.000000 0.000000 0.000000 0.000000 0.000000 1.000000 0.000000 0.000000 0.000000 0.000000
0.777778 0.000000 0.000000 0.000000 0.000000 0.000000 0.000000 0.000000 0.000000 0.000000 0.000000 0.000000 0.000000 0.000000 0.000000 0.222222 0.000000 0.000000 0.000000 0.000000
0.000000 0.000000 0.000000 0.000000 0.000000 0.000000 0.000000 0.000000 0.000000 1.000000 0.000000 0.000000 0.000000 0.000000 0.000000 0.000000 0.000000 0.000000 0.000000 0.000000
0.000000 0.000000 0.000000 1.000000 0.000000 0.000000 0.000000 0.000000 0.000000 0.000000 0.000000 0.000000 0.000000 0.000000 0.000000 0.000000 0.000000 0.000000 0.000000 0.000000
0.000000 0.000000 0.000000 0.000000 0.000000 0.000000 0.000000 0.000000 0.000000 0.000000 1.000000 0.000000 0.000000 0.000000 0.000000 0.000000 0.000000 0.000000 0.000000 0.000000
0.000000 0.000000 0.000000 1.000000 0.000000 0.000000 0.000000 0.000000 0.000000 0.000000 0.000000 0.000000 0.000000 0.000000 0.000000 0.000000 0.000000 0.000000 0.000000 0.000000
0.000000 0.000000 0.000000 1.000000 0.000000 0.000000 0.000000 0.000000 0.000000 0.000000 0.000000 0.000000 0.000000 0.000000 0.000000 0.000000 0.000000 0.000000 0.000000 0.000000
0.000000 0.000000 0.000000 0.000000 0.000000 0.000000 0.000000 0.000000 0.000000 1.000000 0.000000 0.000000 0.000000 0.000000 0.000000 0.000000 0.000000 0.000000 0.000000 0.000000
0.000000 0.000000 0.000000 1.000000 0.000000 0.000000 0.000000 0.000000 0.000000 0.000000 0.000000 0.000000 0.000000 0.000000 0.000000 0.000000 0.000000 0.000000 0.000000 0.000000
0.000000 0.000000 0.000000 0.000000 0.000000 0.000000 0.000000 0.000000 0.000000 0.000000 0.000000 0.000000 0.000000 0.000000 0.000000 1.000000 0.000000 0.000000 0.000000 0.000000
0.000000 0.000000 0.000000 0.000000 0.000000 0.000000 0.000000 0.000000 0.000000 0.000000 0.000000 0.000000 0.000000 0.000000 0.000000 0.000000 0.000000 0.000000 1.000000 0.000000
0.000000 0.000000 0.000000 0.000000 0.000000 1.000000 0.000000 0.000000 0.000000 0.000000 0.000000 0.000000 0.000000 0.000000 0.000000 0.000000 0.000000 0.000000 0.000000 0.000000
0.888889 0.000000 0.111111 0.000000 0.000000 0.000000 0.000000 0.000000 0.000000 0.000000 0.000000 0.000000 0.000000 0.000000 0.000000 0.000000 0.000000 0.000000 0.000000 0.000000
0.000000 0.000000 0.000000 0.000000 0.000000 0.000000 0.000000 0.000000 0.000000 0.000000 0.000000 0.000000 0.000000 0.000000 0.000000 0.000000 0.000000 0.000000 1.000000 0.000000
0.000000 0.000000 0.666667 0.000000 0.000000 0.000000 0.000000 0.000000 0.000000 0.000000 0.000000 0.000000 0.000000 0.000000 0.000000 0.333333 0.000000 0.000000 0.000000 0.000000
0.000000 0.000000 0.222222 0.111111 0.000000 0.666667 0.000000 0.000000 0.000000 0.000000 0.000000 0.000000 0.000000 0.000000 0.000000 0.000000 0.000000 0.000000 0.000000 0.000000
0.000000 0.000000 0.333333 0.555556 0.000000 0.111111 0.000000 0.000000 0.000000 0.000000 0.000000 0.000000 0.000000 0.000000 0.000000 0.000000 0.000000 0.000000 0.000000 0.000000
0.555556 0.000000 0.111111 0.000000 0.000000 0.000000 0.000000 0.000000 0.000000 0.000000 0.000000 0.000000 0.000000 0.000000 0.000000 0.000000 0.222222 0.111111 0.000000 0.000000
0.000000 0.000000 0.222222 0.000000 0.000000 0.000000 0.000000 0.000000 0.000000 0.000000 0.000000 0.000000 0.000000 0.000000 0.000000 0.111111 0.666667 0.000000 0.000000 0.000000
0.111111 0.000000 0.000000 0.000000 0.000000 0.000000 0.000000 0.000000 0.000000 0.000000 0.000000 0.000000 0.000000 0.222222 0.000000 0.666667 0.000000 0.000000 0.000000 0.000000

log-odds matrix: alength= 20 w= 35 E= 4.7e-131
  -514    -94   -651   -669   -344   -475   -162    162    -59   -242    406   -577   -432   -260   -117   -515   -420   -112   -528     10
  -392    -64   -578   -631   -418   -390   -116     40      0   -503   -474   -407   -384   -182    -12   -217    413   -136   -662   -130
   295     73   -579   -569   -367   -214   -116     38    -11   -429   -453   -491   -359   -194     -8   -224   -262    -37   -627    -99
  -414   -118    282   -255   -385   -338     26      0     31   -482   -519   -193   -391   -136     16   -386   -377   -192   -612    -38
  -433      1   -586   -593    492   -426    -73    162    -35   -217   -346   -526   -349   -240    -55   -407   -413    -81   -405    272
  -455    -81   -658   -609   -159   -461   -102    275    -24    305   -196   -568   -376   -158      3   -501   -363     -2   -552     -2
  -453    -76   -361   -549   -348   -319    179     73     96   -464   -481    345   -329    -69     50   -254   -269   -183   -554    -18
  -414   -118    282   -255   -385   -338     26      0     31   -482   -519   -193   -391   -136     16   -386   -377   -192   -612    -38
  -414   -118    282   -255   -385   -338     26      0     31   -482   -519   -193   -391   -136     16   -386   -377   -192   -612    -38
  -343   -137   -528   -526   -413   -361    -73    -28     56   -457   -543   -500    499   -134     25   -369   -339   -199   -687   -135
  -453    -76   -361   -549   -348   -319    179     73     96   -464   -481    345   -329    -69     50   -254   -269   -183   -554    -18
  -453    -76   -361   -549   -348   -319    179     73     96   -464   -481    345   -329    -69     50   -254   -269   -183   -554    -18
   295     73   -579   -569   -367   -214   -116     38    -11   -429   -453   -491   -359   -194     -8   -224   -262    -37   -627    -99
  -558   -286   -339    266   -550   -474   -148   -102   -115   -639   -667   -504   -547   -146   -133   -580   -516   -335   -768   -227
  -455    -81   -658   -609   -159   -461   -102    275    -24    305   -196   -568   -376   -158      3   -501   -363     -2   -552     -2
  -328    -38   -564   -632   -425   -328   -123    -78    -16   -535   -556   -411   -356   -225    -17    325   -100   -247   -672   -107
   263    151   -517   -497   -302   -139    -57    105     60   -361   -377   -419   -302   -124     58     68   -183     40   -570    -43
  -455    -81   -658   -609   -159   -461   -102    275    -24    305   -196   -568   -376   -158      3   -501   -363     -2   -552     -2
  -558   -286   -339    266   -550   -474   -148   -102   -115   -639   -667   -504   -547   -146   -133   -580   -516   -335   -768   -227
  -514    -94   -651   -669   -344   -475   -162    162    -59   -242    406   -577   -432   -260   -117   -515   -420   -112   -528     10
  -558   -286   -339    266   -550   -474   -148   -102   -115   -639   -667   -504   -547   -146   -133   -580   -516   -335   -768   -227
  -558   -286   -339    266   -550   -474   -148   -102   -115   -639   -667   -504   -547   -146   -133   -580   -516   -335   -768   -227
  -455    -81   -658   -609   -159   -461   -102    275    -24    305   -196   -568   -376   -158      3   -501   -363     -2   -552     -2
  -558   -286   -339    266   -550   -474   -148   -102   -115   -639   -667   -504   -547   -146   -133   -580   -516   -335   -768   -227
  -328    -38   -564   -632   -425   -328   -123    -78    -16   -535   -556   -411   -356   -225    -17    325   -100   -247   -672   -107
  -476    -71   -541   -556    -94   -378    -54     20     26   -294   -416   -475   -379   -145     52   -463   -392   -151    402    184
  -317   -105   -435   -511   -432    421    -57    -62     67   -548   -541   -362   -352   -183     58   -340   -381   -224   -608    -88
   273    151   -115   -416   -285   -144    -23    124    101   -341   -360   -370   -324    -94     81   -145   -195     55   -554    -20
  -476    -71   -541   -556    -94   -378    -54     20     26   -294   -416   -475   -379   -145     52   -463   -392   -151    402    184
  -335    -95    229   -301   -419   -203     82    -74    148   -527   -569   -153   -307    -40     68    140   -263   -228   -671    -33
  -281    -85    -34   -132   -402    388     38    -24    160   -504   -500   -231   -296    -48    111   -267   -297   -185   -594    -36
  -292   -272    113    176   -492     77     47    -14    247   -455   -480   -260   -250    119    109   -296   -263   -152   -744    -84
   238    168   -135   -382   -239   -131     24    191    166   -287   -309   -350   -287    -35    135   -127     99    225   -517     31
  -287     41    -11   -426   -316   -276     39    157    160   -399   -345   -215   -280    -26    122     18    361    -20   -574    -23
    -7     75   -413   -413   -349   -187      4     34    160   -428   -437   -296   -251    416    123    263    -57    -93   -612    -30