MEME version 4.11.1

ALPHABET= ACDEFGHIKLMNPQRSTVWY

Background letter frequencies (from unknown source):
A 0.038 C 0.007 D 0.046 E 0.104 F 0.035 G 0.055 H 0.014 I 0.094 K 0.070
L 0.107 M 0.028 N 0.048 P 0.038 Q 0.055 R 0.023 S 0.066 T 0.031 V 0.092
W 0.020 Y 0.029

MOTIF 2

log-odds matrix: alength= 20 w= 14 E= 8.5e-018
  -147   -233   -219   -408   -450    386    109   -556   -355   -543   -434     98   -378   -401   -219   -249   -267   -484   -460   -396
  -294   -212   -639   -683     79   -573   -464    141   -614    151   -176   -583   -547   -568   -454   -527   -291    195   -488   -405
  -235   -297    264   -317   -485   -222   -145   -632   -300   -570   -512    148    152   -305   -228    180    245   -563   -578   -379
   -65   -207     51    158   -315   -238    186   -390    156   -326   -241   -150   -236     30    -26     76    -79    -77   -397   -250
   -43   -166    116     65   -275   -216    -47    -90     78     76    170   -128   -216     30      0      9    -51   -286   -361   -217
  -114   -261    -97    238   -366   -300   -151    -83   -182    -94   -283   -226     45    103   -107   -221     92   -341   -462   -320
    84    -42   -345   -372   -151   -296   -167    -26    -35     26    -98   -287   -304    212   -152   -223    106    155   -295   -189
   -43   -169   -124    -43     42   -214    -43   -357    224   -295   -209   -125    128    100      9     77    -50    -77   -361   -216
   414     46   -343   -398   -276    -45   -253    -91   -350   -167   -221   -336   -385   -363   -200     28     17   -174   -374   -326
  -237   -179   -441   -534   -272   -468   -388    276   -447    -55   -138   -425   -459   -476   -334   -396   -212    133   -466   -338
  -207   -145   -535   -571   -224   -456    188    141   -493    144   -160   -464   -453   -471   -337   -394   -205    192   -420   -321
  -150   -371    255    183   -471   -330   -194   -503    122    -99   -361   -251   -315   -175   -148   -264   -194   -419   -547     82
   305    -74   -464   -517   -297    158   -308     29   -454   -305   -245   -394   -367   -424   -289     85   -148    128   -430   -339
  -258   -115   -434   -525    457   -442   -285   -323   -481   -133   -231   -438   -380   -492   -341   -337   -324   -331   -235     91


letter-probability matrix: alength= 20 w= 14 nsites= 16 E= 8.5e-018
0.000000 0.000000 0.000000 0.000000 0.000000 0.750000 0.062500 0.000000 0.000000 0.000000 0.000000 0.187500 0.000000 0.000000 0.000000 0.000000 0.000000 0.000000 0.000000 0.000000
0.000000 0.000000 0.000000 0.000000 0.062500 0.000000 0.000000 0.250000 0.000000 0.312500 0.000000 0.000000 0.000000 0.000000 0.000000 0.000000 0.000000 0.375000 0.000000 0.000000
0.000000 0.000000 0.312500 0.000000 0.000000 0.000000 0.000000 0.000000 0.000000 0.000000 0.000000 0.125000 0.125000 0.000000 0.000000 0.250000 0.187500 0.000000 0.000000 0.000000
0.000000 0.000000 0.062500 0.375000 0.000000 0.000000 0.062500 0.000000 0.250000 0.000000 0.000000 0.000000 0.000000 0.062500 0.000000 0.125000 0.000000 0.062500 0.000000 0.000000
0.000000 0.000000 0.125000 0.187500 0.000000 0.000000 0.000000 0.062500 0.125000 0.250000 0.125000 0.000000 0.000000 0.062500 0.000000 0.062500 0.000000 0.000000 0.000000 0.000000
0.000000 0.000000 0.000000 0.625000 0.000000 0.000000 0.000000 0.062500 0.000000 0.062500 0.000000 0.000000 0.062500 0.125000 0.000000 0.000000 0.062500 0.000000 0.000000 0.000000
0.062500 0.000000 0.000000 0.000000 0.000000 0.000000 0.000000 0.062500 0.062500 0.125000 0.000000 0.000000 0.000000 0.312500 0.000000 0.000000 0.062500 0.312500 0.000000 0.000000
0.000000 0.000000 0.000000 0.062500 0.062500 0.000000 0.000000 0.000000 0.437500 0.000000 0.000000 0.000000 0.125000 0.125000 0.000000 0.125000 0.000000 0.062500 0.000000 0.000000
0.562500 0.000000 0.000000 0.000000 0.000000 0.062500 0.000000 0.125000 0.000000 0.062500 0.000000 0.000000 0.000000 0.000000 0.000000 0.125000 0.062500 0.000000 0.000000 0.000000
0.000000 0.000000 0.000000 0.000000 0.000000 0.000000 0.000000 0.625000 0.000000 0.062500 0.000000 0.000000 0.000000 0.000000 0.000000 0.000000 0.000000 0.312500 0.000000 0.000000
0.000000 0.000000 0.000000 0.000000 0.000000 0.000000 0.062500 0.250000 0.000000 0.312500 0.000000 0.000000 0.000000 0.000000 0.000000 0.000000 0.000000 0.375000 0.000000 0.000000
0.000000 0.000000 0.312500 0.375000 0.000000 0.000000 0.000000 0.000000 0.187500 0.062500 0.000000 0.000000 0.000000 0.000000 0.000000 0.000000 0.000000 0.000000 0.000000 0.062500
0.312500 0.000000 0.000000 0.000000 0.000000 0.187500 0.000000 0.125000 0.000000 0.000000 0.000000 0.000000 0.000000 0.000000 0.000000 0.125000 0.000000 0.250000 0.000000 0.000000
0.000000 0.000000 0.000000 0.000000 0.812500 0.000000 0.000000 0.000000 0.000000 0.062500 0.000000 0.000000 0.000000 0.000000 0.000000 0.000000 0.000000 0.000000 0.000000 0.125000