MEME version 4.10.2

ALPHABET= ACDEFGHIKLMNPQRSTVWY

Background letter frequencies (from unknown source):
A 0.068 C 0.062 D 0.025 E 0.092 F 0.015 G 0.138 H 0.013 I 0.033 K 0.050
L 0.102 M 0.048 N 0.052 P 0.018 Q 0.040 R 0.025 S 0.092 T 0.037 V 0.037
W 0.013 Y 0.040

MOTIF 1

letter-probability matrix: alength= 20 w= 19 nsites= 7 E= 1.3e-008
0.000000 0.000000 0.000000 0.000000 0.000000 0.142857 0.000000 0.000000 0.000000 0.000000 0.857143 0.000000 0.000000 0.000000 0.000000 0.000000 0.000000 0.000000 0.000000 0.000000
0.000000 0.000000 0.142857 0.428571 0.000000 0.000000 0.000000 0.000000 0.142857 0.000000 0.000000 0.142857 0.000000 0.000000 0.000000 0.142857 0.000000 0.000000 0.000000 0.000000
0.000000 0.000000 0.000000 0.142857 0.000000 0.000000 0.000000 0.000000 0.285714 0.000000 0.000000 0.142857 0.000000 0.000000 0.000000 0.428571 0.000000 0.000000 0.000000 0.000000
0.000000 0.000000 0.000000 0.000000 0.000000 0.000000 0.000000 0.142857 0.000000 0.857143 0.000000 0.000000 0.000000 0.000000 0.000000 0.000000 0.000000 0.000000 0.000000 0.000000
0.000000 0.000000 0.000000 0.000000 0.142857 0.000000 0.000000 0.142857 0.000000 0.285714 0.000000 0.000000 0.000000 0.000000 0.000000 0.000000 0.000000 0.428571 0.000000 0.000000
0.000000 0.000000 0.000000 0.285714 0.000000 0.000000 0.000000 0.000000 0.428571 0.000000 0.000000 0.142857 0.000000 0.000000 0.142857 0.000000 0.000000 0.000000 0.000000 0.000000
0.000000 0.000000 0.000000 0.714286 0.000000 0.000000 0.000000 0.000000 0.142857 0.000000 0.000000 0.000000 0.000000 0.000000 0.000000 0.000000 0.142857 0.000000 0.000000 0.000000
0.000000 0.000000 0.000000 0.000000 0.000000 0.000000 0.000000 0.142857 0.000000 0.571429 0.142857 0.000000 0.000000 0.000000 0.000000 0.000000 0.000000 0.142857 0.000000 0.000000
0.000000 0.000000 0.000000 0.285714 0.000000 0.000000 0.000000 0.000000 0.142857 0.000000 0.000000 0.142857 0.000000 0.000000 0.000000 0.142857 0.285714 0.000000 0.000000 0.000000
0.000000 0.000000 0.000000 0.142857 0.000000 0.000000 0.000000 0.142857 0.000000 0.571429 0.000000 0.000000 0.000000 0.000000 0.000000 0.000000 0.000000 0.142857 0.000000 0.000000
0.000000 0.000000 0.285714 0.571429 0.000000 0.000000 0.000000 0.000000 0.000000 0.000000 0.000000 0.000000 0.000000 0.000000 0.000000 0.142857 0.000000 0.000000 0.000000 0.000000
0.000000 0.000000 0.142857 0.857143 0.000000 0.000000 0.000000 0.000000 0.000000 0.000000 0.000000 0.000000 0.000000 0.000000 0.000000 0.000000 0.000000 0.000000 0.000000 0.000000
0.000000 0.000000 0.000000 0.000000 0.000000 0.000000 0.000000 0.142857 0.000000 0.714286 0.142857 0.000000 0.000000 0.000000 0.000000 0.000000 0.000000 0.000000 0.000000 0.000000
0.000000 0.000000 0.000000 0.857143 0.000000 0.000000 0.000000 0.000000 0.000000 0.000000 0.000000 0.000000 0.000000 0.000000 0.000000 0.142857 0.000000 0.000000 0.000000 0.000000
0.000000 0.000000 0.000000 0.000000 0.000000 0.285714 0.000000 0.000000 0.142857 0.142857 0.000000 0.142857 0.000000 0.000000 0.000000 0.000000 0.285714 0.000000 0.000000 0.000000
0.142857 0.000000 0.000000 0.000000 0.142857 0.000000 0.285714 0.000000 0.000000 0.000000 0.000000 0.000000 0.000000 0.142857 0.000000 0.000000 0.000000 0.142857 0.000000 0.142857
0.000000 0.000000 0.142857 0.142857 0.000000 0.000000 0.000000 0.000000 0.285714 0.000000 0.000000 0.000000 0.000000 0.142857 0.000000 0.000000 0.000000 0.285714 0.000000 0.000000
0.000000 0.000000 0.000000 0.000000 0.000000 0.857143 0.000000 0.000000 0.000000 0.000000 0.000000 0.142857 0.000000 0.000000 0.000000 0.000000 0.000000 0.000000 0.000000 0.000000
0.000000 0.000000 0.000000 0.000000 0.000000 0.428571 0.000000 0.000000 0.000000 0.000000 0.000000 0.428571 0.000000 0.000000 0.000000 0.142857 0.000000 0.000000 0.000000 0.000000

log-odds matrix: alength= 20 w= 19 E= 1.3e-008
  -380   -518   -399   -576   -240   -299   -358   -181   -450   -233    426   -489   -342   -462   -403   -465   -345   -237   -310   -362
  -126   -495    235    185   -183   -301    -16   -231    127   -314   -315    117    -92    -50    -32     34    -80   -183   -324   -277
  -116   -457     47     47   -154   -286      9   -207    207   -289   -291    119    -83    -46     20    166    -50   -166   -290   -249
  -303   -451   -379   -469     10   -578   -253    148   -367    293    -97   -442   -247   -308   -242   -431   -238    -45   -274   -319
  -209   -382   -360   -472    282   -518   -243    242   -368    134   -140   -403   -257   -344   -269   -373   -158    329   -271   -291
  -155   -488    -49    118   -199   -356    -11   -217    280   -292   -298    103   -124    -38    247   -195    -99   -180   -292   -278
  -193   -624     54    285   -309   -416   -127   -300     92   -390   -396   -216   -164    -85    -91   -274    110   -246   -430   -398
  -274   -429   -369   -462     10   -554   -242    166   -359    264     82   -424   -242   -306   -239   -406   -212    132   -267   -307
   -81   -429     42    111   -116   -284     26   -165    131   -251   -248    104    -56    -18     34     36    235   -123   -256   -220
  -227   -393   -318    -78      6   -502   -200    156   -309    264   -101   -372   -207   -271   -198   -350   -166    125   -250   -278
  -187   -671    316    254   -353   -391   -135   -328   -135   -416   -424   -175   -152    -77   -166     13   -186   -259   -486   -426
  -431   -727    -15    335   -447   -597   -334   -436   -441   -605   -616   -413   -418   -315   -405   -530   -427   -443   -549   -590
  -303   -452   -378   -467     15   -575   -250    146   -365    283     75   -440   -245   -305   -240   -428   -238    -55   -269   -316
  -389   -705    -66    333   -434   -566   -309   -426   -389   -581   -592   -379   -379   -289   -366   -244   -389   -419   -540   -568
   -83   -408     20   -108    -95     35     20   -123    132    -11   -229    101    -63    -28     39   -115    234    -93   -243   -215
    -4   -341   -109   -248    292   -378    418    -78   -164   -179   -207   -164   -113     53    -61   -197   -109     74    -74    272
   -96   -477    221     90   -152   -322     -6   -187    201   -271   -271   -115    -71    150     14   -151    -61    217   -289   -254
  -182   -500   -135   -376   -289    265   -209   -355   -281   -494   -462    -37   -232   -342   -195   -274   -275   -307   -347   -413
  -176   -469     47   -245   -276    148    -63   -380   -191   -477   -493    269   -168   -202   -172     45   -140   -312   -413   -356