MEME version 4.11.1

ALPHABET= ACDEFGHIKLMNPQRSTVWY

Background letter frequencies (from unknown source):
A 0.176 C 0.001 D 0.015 E 0.019 F 0.033 G 0.095 H 0.005 I 0.118 K 0.075
L 0.108 M 0.026 N 0.022 P 0.010 Q 0.013 R 0.010 S 0.075 T 0.071 V 0.087
W 0.019 Y 0.021

MOTIF 2

log-odds matrix: alength= 20 w= 21 E= 5.1e-074
   155    303   -304   -305     65    116   -241   -545   -523   -477   -381   -306   -199   -269   -226    120   -294   -333   -522   -430
  -417    227   -263   -256    158   -151   -177    237   -428    -44   -104   -283   -229   -221   -175   -366   -298     31   -397   -242
  -449    211   -400   -359   -291   -590   -269    -43    151     22   -220   -400   -311   -320   -251   -472   -351    261   -508   -353
   215    395   -203   -176     -4   -250   -132   -365   -388   -136   -214   -248   -214   -181   -112   -115   -252   -186   -380   -269
  -408    242   -262   -273   -204   -494   -119   -281   -419    -78   -198   -195   -214   -186   -146   -167    315    -43   -359    274
   133    211   -415   -377   -288   -577   -287    -44   -567     74   -217   -411   -322   -342   -299   -457   -358    155   -507   -353
  -339    143   -280   -234   -500   -507   -133   -507    357   -491   -392   -239   -220     14    185   -428   -403   -497   -458   -395
    -9    183      7     15   -348   -316     37   -468    228   -374   -281    157    -92     26     70    116     66   -355   -428   -244
  -306    326   -199    299   -143   -387    -38     89    -45     72    294   -191   -126    -97    -51   -253   -203   -123   -295    135
  -446    199   -248   -259   -247   -525   -220    250   -429    -55   -106   -286   -249   -242   -193   -387   -316    110   -436   -269
   -19    193   -234   -198   -499   -390   -115   -571    326   -497   -407   -219   -207   -113     83    -39   -338   -444   -516   -402
  -462     67   -197    315   -490   -461    337   -534    292   -421   -341   -174   -208    234    306   -337   -343   -440   -468   -326
  -330    213    -58     -2    102   -364    117   -401    110   -305     85    126    -91    216    386   -211   -245   -312   -272    394
  -372    135   -122   -203   -450    324   -147   -588   -397   -183   -425   -170   -208   -239   -121   -299   -423   -477   -456   -373
  -266    143   -284   -236   -500   -508   -131   -507    355   -490   -391   -239   -221   -168    222   -428   -402   -496   -458   -395
    87     66   -258   -126   -512   -471    -16   -546    227   -430   -352   -189   -227     10    456   -353   -357   -451   -476   -339
   141    175   -298   -306   -157   -429    -95   -572   -465   -469   -421   -296   -259    217   -195   -317   -390   -451   -309    428
   201    290   -329   -317   -404   -338   -261   -373   -533   -410   -347   -338   -229   -291   -241   -216   -313    131   -528   -426
   115    216   -414   -382   -325   -537   -301    180   -575   -279   -253   -406   -308   -351   -307   -420    -23     11   -538   -375
   210    414   -184   -156   -272   -232   -120   -191   -367   -302      8   -230   -202   -164    -93    -96    -99   -167   -376   -288
  -577    130   -272   -294   -157   -509   -184   -558   -485   -338   -351   -330   -266   -245   -173   -468   -477   -453    561   -146


letter-probability matrix: alength= 20 w= 21 nsites= 16 E= 5.1e-074
0.500000 0.000000 0.000000 0.000000 0.062500 0.250000 0.000000 0.000000 0.000000 0.000000 0.000000 0.000000 0.000000 0.000000 0.000000 0.187500 0.000000 0.000000 0.000000 0.000000
0.000000 0.000000 0.000000 0.000000 0.187500 0.062500 0.000000 0.625000 0.000000 0.062500 0.000000 0.000000 0.000000 0.000000 0.000000 0.000000 0.000000 0.062500 0.000000 0.000000
0.000000 0.000000 0.000000 0.000000 0.000000 0.000000 0.000000 0.062500 0.250000 0.125000 0.000000 0.000000 0.000000 0.000000 0.000000 0.000000 0.000000 0.562500 0.000000 0.000000
0.875000 0.000000 0.000000 0.000000 0.062500 0.000000 0.000000 0.000000 0.000000 0.062500 0.000000 0.000000 0.000000 0.000000 0.000000 0.000000 0.000000 0.000000 0.000000 0.000000
0.000000 0.000000 0.000000 0.000000 0.000000 0.000000 0.000000 0.000000 0.000000 0.062500 0.000000 0.000000 0.000000 0.000000 0.000000 0.000000 0.687500 0.062500 0.000000 0.187500
0.500000 0.000000 0.000000 0.000000 0.000000 0.000000 0.000000 0.062500 0.000000 0.187500 0.000000 0.000000 0.000000 0.000000 0.000000 0.000000 0.000000 0.250000 0.000000 0.000000
0.062500 0.000000 0.000000 0.000000 0.000000 0.000000 0.000000 0.000000 0.875000 0.000000 0.000000 0.000000 0.000000 0.062500 0.000000 0.000000 0.000000 0.000000 0.000000 0.000000
0.187500 0.000000 0.000000 0.000000 0.000000 0.000000 0.000000 0.000000 0.437500 0.000000 0.000000 0.062500 0.000000 0.000000 0.000000 0.187500 0.125000 0.000000 0.000000 0.000000
0.000000 0.000000 0.000000 0.187500 0.000000 0.000000 0.000000 0.250000 0.062500 0.187500 0.250000 0.000000 0.000000 0.000000 0.000000 0.000000 0.000000 0.000000 0.000000 0.062500
0.000000 0.000000 0.000000 0.000000 0.000000 0.000000 0.000000 0.687500 0.000000 0.062500 0.000000 0.000000 0.000000 0.000000 0.000000 0.000000 0.000000 0.250000 0.000000 0.000000
0.187500 0.000000 0.000000 0.000000 0.000000 0.000000 0.000000 0.000000 0.750000 0.000000 0.000000 0.000000 0.000000 0.000000 0.000000 0.062500 0.000000 0.000000 0.000000 0.000000
0.000000 0.000000 0.000000 0.187500 0.000000 0.000000 0.062500 0.000000 0.625000 0.000000 0.000000 0.000000 0.000000 0.062500 0.062500 0.000000 0.000000 0.000000 0.000000 0.000000
0.000000 0.000000 0.000000 0.000000 0.062500 0.000000 0.000000 0.000000 0.187500 0.000000 0.062500 0.062500 0.000000 0.062500 0.187500 0.000000 0.000000 0.000000 0.000000 0.375000
0.000000 0.000000 0.000000 0.000000 0.000000 0.937500 0.000000 0.000000 0.000000 0.062500 0.000000 0.000000 0.000000 0.000000 0.000000 0.000000 0.000000 0.000000 0.000000 0.000000
0.125000 0.000000 0.000000 0.000000 0.000000 0.000000 0.000000 0.000000 0.812500 0.000000 0.000000 0.000000 0.000000 0.000000 0.062500 0.000000 0.000000 0.000000 0.000000 0.000000
0.375000 0.000000 0.000000 0.000000 0.000000 0.000000 0.000000 0.000000 0.375000 0.000000 0.000000 0.000000 0.000000 0.000000 0.250000 0.000000 0.000000 0.000000 0.000000 0.000000
0.500000 0.000000 0.000000 0.000000 0.000000 0.000000 0.000000 0.000000 0.000000 0.000000 0.000000 0.000000 0.000000 0.062500 0.000000 0.000000 0.000000 0.000000 0.000000 0.437500
0.750000 0.000000 0.000000 0.000000 0.000000 0.000000 0.000000 0.000000 0.000000 0.000000 0.000000 0.000000 0.000000 0.000000 0.000000 0.000000 0.000000 0.250000 0.000000 0.000000
0.437500 0.000000 0.000000 0.000000 0.000000 0.000000 0.000000 0.437500 0.000000 0.000000 0.000000 0.000000 0.000000 0.000000 0.000000 0.000000 0.062500 0.062500 0.000000 0.000000
0.812500 0.000000 0.000000 0.000000 0.000000 0.000000 0.000000 0.062500 0.000000 0.000000 0.062500 0.000000 0.000000 0.000000 0.000000 0.000000 0.062500 0.000000 0.000000 0.000000
0.000000 0.000000 0.000000 0.000000 0.000000 0.000000 0.000000 0.000000 0.000000 0.000000 0.000000 0.000000 0.000000 0.000000 0.000000 0.000000 0.000000 0.000000 1.000000 0.000000