MEME version 4.11.1

ALPHABET= ACDEFGHIKLMNPQRSTVWY

Background letter frequencies (from unknown source):
A 0.176 C 0.001 D 0.015 E 0.019 F 0.033 G 0.095 H 0.005 I 0.118 K 0.075
L 0.108 M 0.026 N 0.022 P 0.010 Q 0.013 R 0.010 S 0.075 T 0.071 V 0.087
W 0.019 Y 0.021

MOTIF 1

log-odds matrix: alength= 20 w= 25 E= 6.5e-089
  -452    206   -344   -280    178   -535   -162    -37   -465    241     92   -340   -218   -198   -162   -407      9   -222   -376     85
  -506     21   -250   -334   -565    335   -265   -720   -527   -663   -558   -303   -313   -362   -247   -431   -547   -608   -567   -491
  -453    191   -254   -265   -254   -531   -226    255   -435   -112     28   -292   -255   -249   -199   -393   -323     99   -443   -275
    -8    231   -302   -326   -521   -360   -272   -654   -549   -582   -480   -302    425    193   -265    288   -317   -445   -608   -499
    -2    189     26    189   -288   -310     80   -408     -9   -314   -217    -28    -43    371    102     88    155   -302    101   -188
   149    299   -160   -177   -374     83    294   -483   -385   -417   -327   -189   -192   -170   -136    -30    -52   -303   -477    251
   108    225   -381   -335   -281   -540   -228    -65   -521    -77   -216   -367   -283   -294   -246   -415     46    203   -466   -313
   248     97   -462   -500   -603   -502   -390   -746   -710   -666   -595   -498   -353   -454   -395   -404   -500   -551   -662   -585
  -305    169     10    252   -317     42     56   -432    220   -339   -244    -45    -70     59     93    -29    129    -85   -400   -216
  -551     11   -319   -270   -587   -537   -164   -669    276   -569   -497   -299   -322   -153      6   -431    266   -564   -590   -458
    -4    218   -353   -337   -354   -592   -273     39   -552   -298   -281   -412   -283   -355   -265   -484   -338    285   -587   -442
  -531    151   -471   -461   -351   -698   -436    183   -655     50   -260   -496   -410   -453   -415   -591   -424    221   -624   -450
  -498     40    490   -103   -521   -324    -31   -732   -352   -634   -581    376   -206   -139   -162    142   -347   -623   -619   -369
  -142    186   -300   -305   -278   -562   -259    227   -478     21   -150   -333   -287   -287   -238   -429   -345    113   -477   -309
  -531    153   -486   -477   -389   -711   -481    223   -676   -298   -295   -513   -425   -491   -447   -608   -426    223   -686   -481
  -451     33    407    312   -495   -344    -36   -640   -303    133   -468    280   -180    -72   -115     47   -335   -524   -588   -359
   128    194   -104   -170   -469   -363   -114   -568    -49   -514   -409    130   -200   -150    -87   -217    249   -427   -550   -397
    20    196   -205   -277     19    290   -211   -621   -477   -568   -455   -238   -216   -282   -191   -269   -370   -458   -514   -414
  -137    248   -322   -335   -439    100   -247   -536   -523   -113     86   -287   -202   -277   -232    301   -229   -396   -547   -425
  -203    246    127   -248   -377   -474   -140   -409   -381   -440   -270   -122   -190   -152   -117     52    320   -311    233   -371
   -84    171   -462   -434   -341   -656   -368    141   -627     89   -263   -468   -378   -413   -370   -543   -400    206   -585   -416
    59    322   -251   -193     65   -104    -61     36   -371   -167   -100   -221   -144   -136    -88   -269    133     42    117    116
   -83    251   -278   -319   -433   -390   -214   -510   -469   -500   -361   -208   -195   -235   -188    240    256    -92   -521   -418
  -221    177   -317   -324   -300   -578   -290    273   -499   -169   -169   -353   -305   -312   -263   -447   -358     22   -507   -334
  -451    192   -249   -260   -249   -527   -220    251   -430    -28   -108   -288   -251   -243   -194   -389   -320     97   -437   -270


letter-probability matrix: alength= 20 w= 25 nsites= 19 E= 6.5e-089
0.000000 0.000000 0.000000 0.000000 0.157895 0.000000 0.000000 0.105263 0.000000 0.526316 0.052632 0.000000 0.000000 0.000000 0.000000 0.000000 0.105263 0.000000 0.000000 0.052632
0.000000 0.000000 0.000000 0.000000 0.000000 1.000000 0.000000 0.000000 0.000000 0.000000 0.000000 0.000000 0.000000 0.000000 0.000000 0.000000 0.000000 0.000000 0.000000 0.000000
0.000000 0.000000 0.000000 0.000000 0.000000 0.000000 0.000000 0.736842 0.000000 0.000000 0.052632 0.000000 0.000000 0.000000 0.000000 0.000000 0.000000 0.210526 0.000000 0.000000
0.157895 0.000000 0.000000 0.000000 0.000000 0.000000 0.000000 0.000000 0.000000 0.000000 0.000000 0.000000 0.210526 0.052632 0.000000 0.578947 0.000000 0.000000 0.000000 0.000000
0.210526 0.000000 0.000000 0.052632 0.000000 0.000000 0.000000 0.000000 0.052632 0.000000 0.000000 0.000000 0.000000 0.210526 0.000000 0.157895 0.263158 0.000000 0.052632 0.000000
0.473684 0.000000 0.000000 0.000000 0.000000 0.210526 0.052632 0.000000 0.000000 0.000000 0.000000 0.000000 0.000000 0.000000 0.000000 0.052632 0.052632 0.000000 0.000000 0.157895
0.421053 0.000000 0.000000 0.000000 0.000000 0.000000 0.000000 0.052632 0.000000 0.052632 0.000000 0.000000 0.000000 0.000000 0.000000 0.000000 0.105263 0.368421 0.000000 0.000000
1.000000 0.000000 0.000000 0.000000 0.000000 0.000000 0.000000 0.000000 0.000000 0.000000 0.000000 0.000000 0.000000 0.000000 0.000000 0.000000 0.000000 0.000000 0.000000 0.000000
0.000000 0.000000 0.000000 0.105263 0.000000 0.157895 0.000000 0.000000 0.421053 0.000000 0.000000 0.000000 0.000000 0.000000 0.000000 0.052632 0.210526 0.052632 0.000000 0.000000
0.000000 0.000000 0.000000 0.000000 0.000000 0.000000 0.000000 0.000000 0.526316 0.000000 0.000000 0.000000 0.000000 0.000000 0.000000 0.000000 0.473684 0.000000 0.000000 0.000000
0.210526 0.000000 0.000000 0.000000 0.000000 0.000000 0.000000 0.157895 0.000000 0.000000 0.000000 0.000000 0.000000 0.000000 0.000000 0.000000 0.000000 0.631579 0.000000 0.000000
0.000000 0.000000 0.000000 0.000000 0.000000 0.000000 0.000000 0.421053 0.000000 0.157895 0.000000 0.000000 0.000000 0.000000 0.000000 0.000000 0.000000 0.421053 0.000000 0.000000
0.000000 0.000000 0.473684 0.000000 0.000000 0.000000 0.000000 0.000000 0.000000 0.000000 0.000000 0.315789 0.000000 0.000000 0.000000 0.210526 0.000000 0.000000 0.000000 0.000000
0.105263 0.000000 0.000000 0.000000 0.000000 0.000000 0.000000 0.526316 0.000000 0.157895 0.000000 0.000000 0.000000 0.000000 0.000000 0.000000 0.000000 0.210526 0.000000 0.000000
0.000000 0.000000 0.000000 0.000000 0.000000 0.000000 0.000000 0.578947 0.000000 0.000000 0.000000 0.000000 0.000000 0.000000 0.000000 0.000000 0.000000 0.421053 0.000000 0.000000
0.000000 0.000000 0.263158 0.157895 0.000000 0.000000 0.000000 0.000000 0.000000 0.315789 0.000000 0.157895 0.000000 0.000000 0.000000 0.105263 0.000000 0.000000 0.000000 0.000000
0.473684 0.000000 0.000000 0.000000 0.000000 0.000000 0.000000 0.000000 0.052632 0.000000 0.000000 0.052632 0.000000 0.000000 0.000000 0.000000 0.421053 0.000000 0.000000 0.000000
0.263158 0.000000 0.000000 0.000000 0.052632 0.684211 0.000000 0.000000 0.000000 0.000000 0.000000 0.000000 0.000000 0.000000 0.000000 0.000000 0.000000 0.000000 0.000000 0.000000
0.052632 0.000000 0.000000 0.000000 0.000000 0.210526 0.000000 0.000000 0.000000 0.052632 0.052632 0.000000 0.000000 0.000000 0.000000 0.631579 0.000000 0.000000 0.000000 0.000000
0.052632 0.000000 0.052632 0.000000 0.000000 0.000000 0.000000 0.000000 0.000000 0.000000 0.000000 0.000000 0.000000 0.000000 0.000000 0.105263 0.631579 0.000000 0.157895 0.000000
0.105263 0.000000 0.000000 0.000000 0.000000 0.000000 0.000000 0.315789 0.000000 0.210526 0.000000 0.000000 0.000000 0.000000 0.000000 0.000000 0.000000 0.368421 0.000000 0.000000
0.315789 0.000000 0.000000 0.000000 0.052632 0.052632 0.000000 0.157895 0.000000 0.000000 0.000000 0.000000 0.000000 0.000000 0.000000 0.000000 0.210526 0.105263 0.052632 0.052632
0.105263 0.000000 0.000000 0.000000 0.000000 0.000000 0.000000 0.000000 0.000000 0.000000 0.000000 0.000000 0.000000 0.000000 0.000000 0.421053 0.421053 0.052632 0.000000 0.000000
0.052632 0.000000 0.000000 0.000000 0.000000 0.000000 0.000000 0.894737 0.000000 0.000000 0.000000 0.000000 0.000000 0.000000 0.000000 0.000000 0.000000 0.052632 0.000000 0.000000
0.000000 0.000000 0.000000 0.000000 0.000000 0.000000 0.000000 0.684211 0.000000 0.105263 0.000000 0.000000 0.000000 0.000000 0.000000 0.000000 0.000000 0.210526 0.000000 0.000000