MEME version 4.11.1

ALPHABET= ACDEFGHIKLMNPQRSTVWY

Background letter frequencies (from unknown source):
A 0.176 C 0.001 D 0.015 E 0.019 F 0.033 G 0.095 H 0.005 I 0.118 K 0.075
L 0.108 M 0.026 N 0.022 P 0.010 Q 0.013 R 0.010 S 0.075 T 0.071 V 0.087
W 0.019 Y 0.021

MOTIF 8

log-odds matrix: alength= 20 w= 6 E= 2.7e+001
  -413    168    585    107   -356   -368    -10   -483   -357   -430   -357     43   -176   -117   -103   -285   -353   -396   -414   -273
  -325    265     -2     78   -211   -339    558   -399   -172   -260   -155     23    -28    517    142   -191   -224   -307   -263    -47
  -356    323   -190   -172    388   -428    -11   -145   -364    140    -21   -221   -105   -116    -80   -286   -277   -141   -115     54
  -287    222    -40   -115   -366    318    -63   -503   -312   -457   -344    -87   -118   -148    -41   -215   -329   -389   -379   -289
    56    428    -60    -39    -93   -242     12    135   -228    -69    -42   -103      0    -19     27   -125   -131     72   -255   -103
  -236    308     58     53   -141   -246    545   -335   -140   -238   -179     51    518    165    155   -122   -164   -225   -246      0


letter-probability matrix: alength= 20 w= 6 nsites= 2 E= 2.7e+001
0.000000 0.000000 1.000000 0.000000 0.000000 0.000000 0.000000 0.000000 0.000000 0.000000 0.000000 0.000000 0.000000 0.000000 0.000000 0.000000 0.000000 0.000000 0.000000 0.000000
0.000000 0.000000 0.000000 0.000000 0.000000 0.000000 0.500000 0.000000 0.000000 0.000000 0.000000 0.000000 0.000000 0.500000 0.000000 0.000000 0.000000 0.000000 0.000000 0.000000
0.000000 0.000000 0.000000 0.000000 0.500000 0.000000 0.000000 0.000000 0.000000 0.500000 0.000000 0.000000 0.000000 0.000000 0.000000 0.000000 0.000000 0.000000 0.000000 0.000000
0.000000 0.000000 0.000000 0.000000 0.000000 1.000000 0.000000 0.000000 0.000000 0.000000 0.000000 0.000000 0.000000 0.000000 0.000000 0.000000 0.000000 0.000000 0.000000 0.000000
0.500000 0.000000 0.000000 0.000000 0.000000 0.000000 0.000000 0.500000 0.000000 0.000000 0.000000 0.000000 0.000000 0.000000 0.000000 0.000000 0.000000 0.000000 0.000000 0.000000
0.000000 0.000000 0.000000 0.000000 0.000000 0.000000 0.500000 0.000000 0.000000 0.000000 0.000000 0.000000 0.500000 0.000000 0.000000 0.000000 0.000000 0.000000 0.000000 0.000000