MEME version 4.11.1

ALPHABET= ACDEFGHIKLMNPQRSTVWY

Background letter frequencies (from unknown source):
A 0.086 C 0.090 D 0.021 E 0.041 F 0.033 G 0.138 H 0.011 I 0.042 K 0.045
L 0.054 M 0.027 N 0.052 P 0.034 Q 0.038 R 0.015 S 0.092 T 0.094 V 0.067
W 0.002 Y 0.020

MOTIF 4

log-odds matrix: alength= 20 w= 11 E= 8.0e-001
  -202   -403   -110   -173    168   -397    398   -154   -182    -99   -155   -196   -227   -158    -13   -222   -286   -194    261    460
  -201   -531   -107   -250   -386    268   -188   -375   -257   -381   -368   -226   -312   -323   -107   -262   -392   -372    -74   -297
  -188   -601    101    397   -353   -368    -55   -279    151   -242   -259   -165   -215    -37     66   -223   -264   -281    -97   -228
  -175   -550    404    266   -322     33    -29   -283    -78   -252   -270    -58   -204    -64     -3   -179   -249   -283    -75   -201
    91   -459    341    134   -224   -259     59   -183     17   -144   -157    -49   -115    230    107   -109   -160   -179     13   -110
   -94   -408     24     13   -134   -290    364    -52    226    -71   -103    -76   -133     19    196   -125   -146    141     76     -5
  -110   -375     19    173     98   -317    111    -23    -38    177    -58   -132   -153    -46     76   -146   -173    -80    217    349
  -283   -439   -194   -261    420   -464    344   -158   -263    -78   -174   -274   -287   -240   -103   -297   -353   -219    217    226
  -188   -601    101    397   -353   -368    -55   -279    151   -242   -259   -165   -215    -37     66   -223   -264   -281    -97   -228
  -153   -500   -130   -187   -296   -382   -136   -265   -192   -217   -294   -291    458   -201    -68   -218   -279   -272    -98   -278
  -113   -329   -145   -168     54   -359     19    115   -164     69    278   -225   -207   -165    -18   -199   -169    159    172    313


letter-probability matrix: alength= 20 w= 11 nsites= 3 E= 8.0e-001
0.000000 0.000000 0.000000 0.000000 0.000000 0.000000 0.333333 0.000000 0.000000 0.000000 0.000000 0.000000 0.000000 0.000000 0.000000 0.000000 0.000000 0.000000 0.000000 0.666667
0.000000 0.000000 0.000000 0.000000 0.000000 1.000000 0.000000 0.000000 0.000000 0.000000 0.000000 0.000000 0.000000 0.000000 0.000000 0.000000 0.000000 0.000000 0.000000 0.000000
0.000000 0.000000 0.000000 0.666667 0.000000 0.000000 0.000000 0.000000 0.333333 0.000000 0.000000 0.000000 0.000000 0.000000 0.000000 0.000000 0.000000 0.000000 0.000000 0.000000
0.000000 0.000000 0.333333 0.333333 0.000000 0.333333 0.000000 0.000000 0.000000 0.000000 0.000000 0.000000 0.000000 0.000000 0.000000 0.000000 0.000000 0.000000 0.000000 0.000000
0.333333 0.000000 0.333333 0.000000 0.000000 0.000000 0.000000 0.000000 0.000000 0.000000 0.000000 0.000000 0.000000 0.333333 0.000000 0.000000 0.000000 0.000000 0.000000 0.000000
0.000000 0.000000 0.000000 0.000000 0.000000 0.000000 0.333333 0.000000 0.333333 0.000000 0.000000 0.000000 0.000000 0.000000 0.000000 0.000000 0.000000 0.333333 0.000000 0.000000
0.000000 0.000000 0.000000 0.333333 0.000000 0.000000 0.000000 0.000000 0.000000 0.333333 0.000000 0.000000 0.000000 0.000000 0.000000 0.000000 0.000000 0.000000 0.000000 0.333333
0.000000 0.000000 0.000000 0.000000 0.666667 0.000000 0.333333 0.000000 0.000000 0.000000 0.000000 0.000000 0.000000 0.000000 0.000000 0.000000 0.000000 0.000000 0.000000 0.000000
0.000000 0.000000 0.000000 0.666667 0.000000 0.000000 0.000000 0.000000 0.333333 0.000000 0.000000 0.000000 0.000000 0.000000 0.000000 0.000000 0.000000 0.000000 0.000000 0.000000
0.000000 0.000000 0.000000 0.000000 0.000000 0.000000 0.000000 0.000000 0.000000 0.000000 0.000000 0.000000 1.000000 0.000000 0.000000 0.000000 0.000000 0.000000 0.000000 0.000000
0.000000 0.000000 0.000000 0.000000 0.000000 0.000000 0.000000 0.000000 0.000000 0.000000 0.333333 0.000000 0.000000 0.000000 0.000000 0.000000 0.000000 0.333333 0.000000 0.333333