MEME version 4.11.1

ALPHABET= ACDEFGHIKLMNPQRSTVWY

Background letter frequencies (from unknown source):
A 0.083 C 0.072 D 0.029 E 0.039 F 0.030 G 0.146 H 0.014 I 0.045 K 0.056
L 0.059 M 0.029 N 0.063 P 0.029 Q 0.036 R 0.020 S 0.084 T 0.077 V 0.063
W 0.003 Y 0.023

MOTIF 5

log-odds matrix: alength= 20 w= 6 E= 8.2e+001
  -132   -335   -210   -188    -51    -44   -123    285   -216    208    -12   -277   -201   -185    -87   -219   -169     66     29    -99
   -71   -393    -19    -30   -225    116    -12   -217    -33   -189   -200   -107   -125    -52    314     96   -116   -201    -40   -152
  -267   -435   -232   -219    125   -440    -48   -232    -71   -190   -252   -283   -226   -145    524   -288   -298   -275     24    -53
  -254   -483   -215    -34   -330   -487     74   -302   -212   -197   -174   -259   -221    448    -36   -288   -309   -321    -63   -291
  -117   -419     54     24   -211   -261     81   -209    -29   -175   -183    210   -117    231     60    103    -87   -207    -37   -130
  -149   -469   -175   -181   -282   -390   -160   -277   -224   -228   -302   -319    484   -196   -110   -206   -250   -264   -151   -297


letter-probability matrix: alength= 20 w= 6 nsites= 3 E= 8.2e+001
0.000000 0.000000 0.000000 0.000000 0.000000 0.333333 0.000000 0.333333 0.000000 0.333333 0.000000 0.000000 0.000000 0.000000 0.000000 0.000000 0.000000 0.000000 0.000000 0.000000
0.000000 0.000000 0.000000 0.000000 0.000000 0.333333 0.000000 0.000000 0.000000 0.000000 0.000000 0.000000 0.000000 0.000000 0.333333 0.333333 0.000000 0.000000 0.000000 0.000000
0.000000 0.000000 0.000000 0.000000 0.333333 0.000000 0.000000 0.000000 0.000000 0.000000 0.000000 0.000000 0.000000 0.000000 0.666667 0.000000 0.000000 0.000000 0.000000 0.000000
0.000000 0.000000 0.000000 0.000000 0.000000 0.000000 0.000000 0.000000 0.000000 0.000000 0.000000 0.000000 0.000000 1.000000 0.000000 0.000000 0.000000 0.000000 0.000000 0.000000
0.000000 0.000000 0.000000 0.000000 0.000000 0.000000 0.000000 0.000000 0.000000 0.000000 0.000000 0.333333 0.000000 0.333333 0.000000 0.333333 0.000000 0.000000 0.000000 0.000000
0.000000 0.000000 0.000000 0.000000 0.000000 0.000000 0.000000 0.000000 0.000000 0.000000 0.000000 0.000000 1.000000 0.000000 0.000000 0.000000 0.000000 0.000000 0.000000 0.000000