MEME version 4.11.1

ALPHABET= ACDEFGHIKLMNPQRSTVWY

Background letter frequencies (from unknown source):
A 0.083 C 0.072 D 0.029 E 0.039 F 0.030 G 0.146 H 0.014 I 0.045 K 0.056
L 0.059 M 0.029 N 0.063 P 0.029 Q 0.036 R 0.020 S 0.084 T 0.077 V 0.063
W 0.003 Y 0.023

MOTIF 3

log-odds matrix: alength= 20 w= 6 E= 1.6e+001
  -233   -470   -178   -144    137   -424    -91   -214    366   -194   -234   -246   -230   -142    117   -260   -260   -246    -15    -61
  -116   -342   -255   -249   -188   -462   -197     77   -310    -86   -160   -377   -241   -301   -153   -310   -188    355   -122   -272
  -130   -367    -61    -37   -209   -340    -38   -151    -71   -168   -157   -130   -150    188     30    -11    270   -146    -48   -176
  -116   -342   -255   -249   -188   -462   -197     77   -310    -86   -160   -377   -241   -301   -153   -310   -188    355   -122   -272
   320   -262   -218   -204   -231   -248   -201   -200   -273   -192   -209   -314   -240   -251   -137    -77   -191   -103    -79   -254
  -149   -469   -175   -181   -282   -390   -160   -277   -224   -228   -302   -319    484   -196   -110   -206   -250   -264   -151   -297


letter-probability matrix: alength= 20 w= 6 nsites= 3 E= 1.6e+001
0.000000 0.000000 0.000000 0.000000 0.333333 0.000000 0.000000 0.000000 0.666667 0.000000 0.000000 0.000000 0.000000 0.000000 0.000000 0.000000 0.000000 0.000000 0.000000 0.000000
0.000000 0.000000 0.000000 0.000000 0.000000 0.000000 0.000000 0.000000 0.000000 0.000000 0.000000 0.000000 0.000000 0.000000 0.000000 0.000000 0.000000 1.000000 0.000000 0.000000
0.000000 0.000000 0.000000 0.000000 0.000000 0.000000 0.000000 0.000000 0.000000 0.000000 0.000000 0.000000 0.000000 0.333333 0.000000 0.000000 0.666667 0.000000 0.000000 0.000000
0.000000 0.000000 0.000000 0.000000 0.000000 0.000000 0.000000 0.000000 0.000000 0.000000 0.000000 0.000000 0.000000 0.000000 0.000000 0.000000 0.000000 1.000000 0.000000 0.000000
1.000000 0.000000 0.000000 0.000000 0.000000 0.000000 0.000000 0.000000 0.000000 0.000000 0.000000 0.000000 0.000000 0.000000 0.000000 0.000000 0.000000 0.000000 0.000000 0.000000
0.000000 0.000000 0.000000 0.000000 0.000000 0.000000 0.000000 0.000000 0.000000 0.000000 0.000000 0.000000 1.000000 0.000000 0.000000 0.000000 0.000000 0.000000 0.000000 0.000000