MEME version 4.11.1

ALPHABET= ACDEFGHIKLMNPQRSTVWY

Background letter frequencies (from unknown source):
A 0.086 C 0.090 D 0.021 E 0.041 F 0.033 G 0.138 H 0.011 I 0.042 K 0.045
L 0.054 M 0.027 N 0.052 P 0.034 Q 0.038 R 0.015 S 0.092 T 0.094 V 0.067
W 0.002 Y 0.020

MOTIF 2

log-odds matrix: alength= 20 w= 25 E= 1.8e-003
  -387    342   -383   -426   -437   -625   -352   -365   -489   -395   -400   -501   -478   -483   -289   -488   -454   -457   -262   -448
  -387    342   -383   -426   -437   -625   -352   -365   -489   -395   -400   -501   -478   -483   -289   -488   -454   -457   -262   -448
  -180   -400   -144   -237   -268   -394   -147   -158   -202   -220   -191   -167   -255   -212    -66    -32    300   -174    -41   -239
  -180   -400   -144   -237   -268   -394   -147   -158   -202   -220   -191   -167   -255   -212    -66    -32    300   -174    -41   -239
  -387    342   -383   -426   -437   -625   -352   -365   -489   -395   -400   -501   -478   -483   -289   -488   -454   -457   -262   -448
  -387    342   -383   -426   -437   -625   -352   -365   -489   -395   -400   -501   -478   -483   -289   -488   -454   -457   -262   -448
  -338   -449   -283   -355    467   -532   -213   -168   -379    -67   -191   -412   -331   -399   -238   -353   -444   -247    117     50
  -132   -381   -121   -234   -280   -338   -150   -276   -209   -263   -270   -158   -225   -248    -67    301      2   -299    -55   -215
  -201   -410   -204   -250   -147   -444   -179    373   -236     39    -51   -290   -291   -261   -110   -250     24     94     -4   -154
    37   -444     37   -107   -270   -287     32   -219   -120   -233   -252    362   -208   -134    -18   -132   -214   -248    -21   -183
  -100   -355   -178   -216   -176   -410   -136     93   -230    -58   -123   -291   -238   -252    -74   -238     21    320    -26   -204
  -201   -531   -107   -250   -386    268   -188   -375   -257   -381   -368   -226   -312   -323   -107   -262   -392   -372    -74   -297
   207   -317    -88   -158   -259     98   -116   -221   -177   -207   -218   -188   -192   -191    -47     99   -167   -155    -28   -211
  -201   -531   -107   -250   -386    268   -188   -375   -257   -381   -368   -226   -312   -323   -107   -262   -392   -372    -74   -297
  -138   -400     40   -105   -264   -279    -26   -254   -113   -239   -248    165   -193   -143     -3    253     -7   -283    -38   -173
   289   -284   -141   -185   -240   -223   -148   -193   -211   -178   -193   -246   -227   -222    -71     72   -180   -109    -20   -221
  -258   -513   -169    -40   -344   -479     98   -290   -181   -185   -166   -231   -247    443      7   -300   -338   -328    -10   -271
  -201   -531   -107   -250   -386    268   -188   -375   -257   -381   -368   -226   -312   -323   -107   -262   -392   -372    -74   -297
  -201   -531   -107   -250   -386    268   -188   -375   -257   -381   -368   -226   -312   -323   -107   -262   -392   -372    -74   -297
  -132   -381   -121   -234   -280   -338   -150   -276   -209   -263   -270   -158   -225   -248    -67    301      2   -299    -55   -215
  -201   -531   -107   -250   -386    268   -188   -375   -257   -381   -368   -226   -312   -323   -107   -262   -392   -372    -74   -297
  -132   -381   -121   -234   -280   -338   -150   -276   -209   -263   -270   -158   -225   -248    -67    301      2   -299    -55   -215
  -217   -406   -150   -205    296   -419    129   -149   -218    -90   -156   -247   -243   -218    -51   -242   -307   -196    276    468
  -180   -400   -144   -237   -268   -394   -147   -158   -202   -220   -191   -167   -255   -212    -66    -32    300   -174    -41   -239
  -153   -500   -130   -187   -296   -382   -136   -265   -192   -217   -294   -291    458   -201    -68   -218   -279   -272    -98   -278


letter-probability matrix: alength= 20 w= 25 nsites= 3 E= 1.8e-003
0.000000 1.000000 0.000000 0.000000 0.000000 0.000000 0.000000 0.000000 0.000000 0.000000 0.000000 0.000000 0.000000 0.000000 0.000000 0.000000 0.000000 0.000000 0.000000 0.000000
0.000000 1.000000 0.000000 0.000000 0.000000 0.000000 0.000000 0.000000 0.000000 0.000000 0.000000 0.000000 0.000000 0.000000 0.000000 0.000000 0.000000 0.000000 0.000000 0.000000
0.000000 0.000000 0.000000 0.000000 0.000000 0.000000 0.000000 0.000000 0.000000 0.000000 0.000000 0.000000 0.000000 0.000000 0.000000 0.000000 1.000000 0.000000 0.000000 0.000000
0.000000 0.000000 0.000000 0.000000 0.000000 0.000000 0.000000 0.000000 0.000000 0.000000 0.000000 0.000000 0.000000 0.000000 0.000000 0.000000 1.000000 0.000000 0.000000 0.000000
0.000000 1.000000 0.000000 0.000000 0.000000 0.000000 0.000000 0.000000 0.000000 0.000000 0.000000 0.000000 0.000000 0.000000 0.000000 0.000000 0.000000 0.000000 0.000000 0.000000
0.000000 1.000000 0.000000 0.000000 0.000000 0.000000 0.000000 0.000000 0.000000 0.000000 0.000000 0.000000 0.000000 0.000000 0.000000 0.000000 0.000000 0.000000 0.000000 0.000000
0.000000 0.000000 0.000000 0.000000 1.000000 0.000000 0.000000 0.000000 0.000000 0.000000 0.000000 0.000000 0.000000 0.000000 0.000000 0.000000 0.000000 0.000000 0.000000 0.000000
0.000000 0.000000 0.000000 0.000000 0.000000 0.000000 0.000000 0.000000 0.000000 0.000000 0.000000 0.000000 0.000000 0.000000 0.000000 1.000000 0.000000 0.000000 0.000000 0.000000
0.000000 0.000000 0.000000 0.000000 0.000000 0.000000 0.000000 0.666667 0.000000 0.000000 0.000000 0.000000 0.000000 0.000000 0.000000 0.000000 0.333333 0.000000 0.000000 0.000000
0.333333 0.000000 0.000000 0.000000 0.000000 0.000000 0.000000 0.000000 0.000000 0.000000 0.000000 0.666667 0.000000 0.000000 0.000000 0.000000 0.000000 0.000000 0.000000 0.000000
0.000000 0.000000 0.000000 0.000000 0.000000 0.000000 0.000000 0.000000 0.000000 0.000000 0.000000 0.000000 0.000000 0.000000 0.000000 0.000000 0.333333 0.666667 0.000000 0.000000
0.000000 0.000000 0.000000 0.000000 0.000000 1.000000 0.000000 0.000000 0.000000 0.000000 0.000000 0.000000 0.000000 0.000000 0.000000 0.000000 0.000000 0.000000 0.000000 0.000000
0.333333 0.000000 0.000000 0.000000 0.000000 0.333333 0.000000 0.000000 0.000000 0.000000 0.000000 0.000000 0.000000 0.000000 0.000000 0.333333 0.000000 0.000000 0.000000 0.000000
0.000000 0.000000 0.000000 0.000000 0.000000 1.000000 0.000000 0.000000 0.000000 0.000000 0.000000 0.000000 0.000000 0.000000 0.000000 0.000000 0.000000 0.000000 0.000000 0.000000
0.000000 0.000000 0.000000 0.000000 0.000000 0.000000 0.000000 0.000000 0.000000 0.000000 0.000000 0.333333 0.000000 0.000000 0.000000 0.666667 0.000000 0.000000 0.000000 0.000000
0.666667 0.000000 0.000000 0.000000 0.000000 0.000000 0.000000 0.000000 0.000000 0.000000 0.000000 0.000000 0.000000 0.000000 0.000000 0.333333 0.000000 0.000000 0.000000 0.000000
0.000000 0.000000 0.000000 0.000000 0.000000 0.000000 0.000000 0.000000 0.000000 0.000000 0.000000 0.000000 0.000000 1.000000 0.000000 0.000000 0.000000 0.000000 0.000000 0.000000
0.000000 0.000000 0.000000 0.000000 0.000000 1.000000 0.000000 0.000000 0.000000 0.000000 0.000000 0.000000 0.000000 0.000000 0.000000 0.000000 0.000000 0.000000 0.000000 0.000000
0.000000 0.000000 0.000000 0.000000 0.000000 1.000000 0.000000 0.000000 0.000000 0.000000 0.000000 0.000000 0.000000 0.000000 0.000000 0.000000 0.000000 0.000000 0.000000 0.000000
0.000000 0.000000 0.000000 0.000000 0.000000 0.000000 0.000000 0.000000 0.000000 0.000000 0.000000 0.000000 0.000000 0.000000 0.000000 1.000000 0.000000 0.000000 0.000000 0.000000
0.000000 0.000000 0.000000 0.000000 0.000000 1.000000 0.000000 0.000000 0.000000 0.000000 0.000000 0.000000 0.000000 0.000000 0.000000 0.000000 0.000000 0.000000 0.000000 0.000000
0.000000 0.000000 0.000000 0.000000 0.000000 0.000000 0.000000 0.000000 0.000000 0.000000 0.000000 0.000000 0.000000 0.000000 0.000000 1.000000 0.000000 0.000000 0.000000 0.000000
0.000000 0.000000 0.000000 0.000000 0.333333 0.000000 0.000000 0.000000 0.000000 0.000000 0.000000 0.000000 0.000000 0.000000 0.000000 0.000000 0.000000 0.000000 0.000000 0.666667
0.000000 0.000000 0.000000 0.000000 0.000000 0.000000 0.000000 0.000000 0.000000 0.000000 0.000000 0.000000 0.000000 0.000000 0.000000 0.000000 1.000000 0.000000 0.000000 0.000000
0.000000 0.000000 0.000000 0.000000 0.000000 0.000000 0.000000 0.000000 0.000000 0.000000 0.000000 0.000000 1.000000 0.000000 0.000000 0.000000 0.000000 0.000000 0.000000 0.000000