MEME version 4.11.1

ALPHABET= ACDEFGHIKLMNPQRSTVWY

Background letter frequencies (from unknown source):
A 0.086 C 0.090 D 0.021 E 0.041 F 0.033 G 0.138 H 0.011 I 0.042 K 0.045
L 0.054 M 0.027 N 0.052 P 0.034 Q 0.038 R 0.015 S 0.092 T 0.094 V 0.067
W 0.002 Y 0.020

MOTIF 1

log-odds matrix: alength= 20 w= 25 E= 3.1e-028
  -449   -574   -379   -460   -338   -608   -344   -201   -435   -124    509   -498   -443   -453   -329   -491   -486   -309    -43   -252
  -318   -489   -318   -325    -96   -536   -214    -22   -323    393     -9   -413   -320   -279   -140   -402   -356   -129      2   -190
  -193   -517    -44    -13   -314   -355     32   -235    305   -176   -196   -136   -216    312    234   -202   -230   -251     -7   -166
  -347   -455   -291   -364    469   -541   -228   -178   -390    -75   -200   -422   -338   -410   -249   -361   -455   -257    108     38
  -210   -425   -178   -282   -300   -423   -179   -190   -239   -256   -221   -195   -286   -245   -100    -63    309   -205    -67   -272
  -156   -400   -154   -276   -305   -362   -180   -307   -244   -292   -298   -185   -252   -282    -97    309    -19   -330    -77   -242
  -360   -532    -54   -300   -327   -422     21   -271   -250   -325   -337    405   -314   -235   -137   -205   -311   -361    -44   -251
  -284   -477   -259   -329   -198   -530   -279    398   -313     34    -70   -367   -374   -351   -198   -372   -305    141    -72   -214
  -318   -489   -318   -325    -96   -536   -214    -22   -323    393     -9   -413   -320   -279   -140   -402   -356   -129      2   -190
   322   -310   -201   -243   -267   -257   -202   -215   -273   -204   -223   -312   -296   -285   -121   -106   -240   -132    -46   -260
  -210   -425   -178   -282   -300   -423   -179   -190   -239   -256   -221   -195   -286   -245   -100    -63    309   -205    -67   -272
  -156   -400   -154   -276   -305   -362   -180   -307   -244   -292   -298   -185   -252   -282    -97    309    -19   -330    -77   -242
  -134   -385   -225   -272   -222   -469   -188     70   -299    -93   -171   -367   -282   -326   -127   -340   -231    353    -88   -276
   322   -310   -201   -243   -267   -257   -202   -215   -273   -204   -223   -312   -296   -285   -121   -106   -240   -132    -46   -260
  -491   -773    -68    456   -559   -607   -331   -475   -469   -524   -548   -425   -546   -334   -343   -551   -580   -538   -287   -491
  -210   -425   -178   -282   -300   -423   -179   -190   -239   -256   -221   -195   -286   -245   -100    -63    309   -205    -67   -272
  -210   -425   -178   -282   -300   -423   -179   -190   -239   -256   -221   -195   -286   -245   -100    -63    309   -205    -67   -272
  -272   -523   -192    -53   -358   -494     90   -304   -204   -195   -175   -245   -259    446     -8   -315   -353   -343    -19   -288
  -134   -385   -225   -272   -222   -469   -188     70   -299    -93   -171   -367   -282   -326   -127   -340   -231    353    -88   -276
   322   -310   -201   -243   -267   -257   -202   -215   -273   -204   -223   -312   -296   -285   -121   -106   -240   -132    -46   -260
  -175   -522   -153   -212   -319   -403   -158   -289   -216   -240   -318   -316    462   -224    -91   -241   -302   -296   -118   -302
  -214   -543   -119   -263   -398    270   -200   -388   -269   -394   -380   -239   -324   -336   -118   -274   -406   -385    -84   -309
  -214   -543   -119   -263   -398    270   -200   -388   -269   -394   -380   -239   -324   -336   -118   -274   -406   -385    -84   -309
  -390    342   -385   -427   -439   -629   -354   -368   -492   -398   -402   -504   -480   -486   -291   -492   -456   -462   -265   -451
  -390    342   -385   -427   -439   -629   -354   -368   -492   -398   -402   -504   -480   -486   -291   -492   -456   -462   -265   -451


letter-probability matrix: alength= 20 w= 25 nsites= 4 E= 3.1e-028
0.000000 0.000000 0.000000 0.000000 0.000000 0.000000 0.000000 0.000000 0.000000 0.000000 1.000000 0.000000 0.000000 0.000000 0.000000 0.000000 0.000000 0.000000 0.000000 0.000000
0.000000 0.000000 0.000000 0.000000 0.000000 0.000000 0.000000 0.000000 0.000000 1.000000 0.000000 0.000000 0.000000 0.000000 0.000000 0.000000 0.000000 0.000000 0.000000 0.000000
0.000000 0.000000 0.000000 0.000000 0.000000 0.000000 0.000000 0.000000 0.500000 0.000000 0.000000 0.000000 0.000000 0.500000 0.000000 0.000000 0.000000 0.000000 0.000000 0.000000
0.000000 0.000000 0.000000 0.000000 1.000000 0.000000 0.000000 0.000000 0.000000 0.000000 0.000000 0.000000 0.000000 0.000000 0.000000 0.000000 0.000000 0.000000 0.000000 0.000000
0.000000 0.000000 0.000000 0.000000 0.000000 0.000000 0.000000 0.000000 0.000000 0.000000 0.000000 0.000000 0.000000 0.000000 0.000000 0.000000 1.000000 0.000000 0.000000 0.000000
0.000000 0.000000 0.000000 0.000000 0.000000 0.000000 0.000000 0.000000 0.000000 0.000000 0.000000 0.000000 0.000000 0.000000 0.000000 1.000000 0.000000 0.000000 0.000000 0.000000
0.000000 0.000000 0.000000 0.000000 0.000000 0.000000 0.000000 0.000000 0.000000 0.000000 0.000000 1.000000 0.000000 0.000000 0.000000 0.000000 0.000000 0.000000 0.000000 0.000000
0.000000 0.000000 0.000000 0.000000 0.000000 0.000000 0.000000 0.750000 0.000000 0.000000 0.000000 0.000000 0.000000 0.000000 0.000000 0.000000 0.000000 0.250000 0.000000 0.000000
0.000000 0.000000 0.000000 0.000000 0.000000 0.000000 0.000000 0.000000 0.000000 1.000000 0.000000 0.000000 0.000000 0.000000 0.000000 0.000000 0.000000 0.000000 0.000000 0.000000
1.000000 0.000000 0.000000 0.000000 0.000000 0.000000 0.000000 0.000000 0.000000 0.000000 0.000000 0.000000 0.000000 0.000000 0.000000 0.000000 0.000000 0.000000 0.000000 0.000000
0.000000 0.000000 0.000000 0.000000 0.000000 0.000000 0.000000 0.000000 0.000000 0.000000 0.000000 0.000000 0.000000 0.000000 0.000000 0.000000 1.000000 0.000000 0.000000 0.000000
0.000000 0.000000 0.000000 0.000000 0.000000 0.000000 0.000000 0.000000 0.000000 0.000000 0.000000 0.000000 0.000000 0.000000 0.000000 1.000000 0.000000 0.000000 0.000000 0.000000
0.000000 0.000000 0.000000 0.000000 0.000000 0.000000 0.000000 0.000000 0.000000 0.000000 0.000000 0.000000 0.000000 0.000000 0.000000 0.000000 0.000000 1.000000 0.000000 0.000000
1.000000 0.000000 0.000000 0.000000 0.000000 0.000000 0.000000 0.000000 0.000000 0.000000 0.000000 0.000000 0.000000 0.000000 0.000000 0.000000 0.000000 0.000000 0.000000 0.000000
0.000000 0.000000 0.000000 1.000000 0.000000 0.000000 0.000000 0.000000 0.000000 0.000000 0.000000 0.000000 0.000000 0.000000 0.000000 0.000000 0.000000 0.000000 0.000000 0.000000
0.000000 0.000000 0.000000 0.000000 0.000000 0.000000 0.000000 0.000000 0.000000 0.000000 0.000000 0.000000 0.000000 0.000000 0.000000 0.000000 1.000000 0.000000 0.000000 0.000000
0.000000 0.000000 0.000000 0.000000 0.000000 0.000000 0.000000 0.000000 0.000000 0.000000 0.000000 0.000000 0.000000 0.000000 0.000000 0.000000 1.000000 0.000000 0.000000 0.000000
0.000000 0.000000 0.000000 0.000000 0.000000 0.000000 0.000000 0.000000 0.000000 0.000000 0.000000 0.000000 0.000000 1.000000 0.000000 0.000000 0.000000 0.000000 0.000000 0.000000
0.000000 0.000000 0.000000 0.000000 0.000000 0.000000 0.000000 0.000000 0.000000 0.000000 0.000000 0.000000 0.000000 0.000000 0.000000 0.000000 0.000000 1.000000 0.000000 0.000000
1.000000 0.000000 0.000000 0.000000 0.000000 0.000000 0.000000 0.000000 0.000000 0.000000 0.000000 0.000000 0.000000 0.000000 0.000000 0.000000 0.000000 0.000000 0.000000 0.000000
0.000000 0.000000 0.000000 0.000000 0.000000 0.000000 0.000000 0.000000 0.000000 0.000000 0.000000 0.000000 1.000000 0.000000 0.000000 0.000000 0.000000 0.000000 0.000000 0.000000
0.000000 0.000000 0.000000 0.000000 0.000000 1.000000 0.000000 0.000000 0.000000 0.000000 0.000000 0.000000 0.000000 0.000000 0.000000 0.000000 0.000000 0.000000 0.000000 0.000000
0.000000 0.000000 0.000000 0.000000 0.000000 1.000000 0.000000 0.000000 0.000000 0.000000 0.000000 0.000000 0.000000 0.000000 0.000000 0.000000 0.000000 0.000000 0.000000 0.000000
0.000000 1.000000 0.000000 0.000000 0.000000 0.000000 0.000000 0.000000 0.000000 0.000000 0.000000 0.000000 0.000000 0.000000 0.000000 0.000000 0.000000 0.000000 0.000000 0.000000
0.000000 1.000000 0.000000 0.000000 0.000000 0.000000 0.000000 0.000000 0.000000 0.000000 0.000000 0.000000 0.000000 0.000000 0.000000 0.000000 0.000000 0.000000 0.000000 0.000000