MEME version 4.11.2

ALPHABET= ACDEFGHIKLMNPQRSTVWY

Background letter frequencies (from unknown source):
A 0.086 C 0.044 D 0.050 E 0.071 F 0.009 G 0.059 H 0.015 I 0.080 K 0.047
L 0.080 M 0.047 N 0.059 P 0.027 Q 0.024 R 0.021 S 0.071 T 0.101 V 0.092
W 0.009 Y 0.009

MOTIF 1

log-odds matrix: alength= 20 w= 25 E= 9.3e-034
  -394   -631   -154    369   -315   -434   -315   -478   -338   -481   -537   -394   -408   -185   -300   -422   -499   -209   -468   -317
  -398   -441   -502   -523    -89   -472   -366   -216   -430   -143    420   -502   -394   -366   -357   -432   -449   -116   -248   -127
  -190   -583      6    291   -233   -270   -122   -411    -79   -329   -368   -217   -183    344    -70   -215   -303   -347   -377   -175
  -367   -478   -443   -423   -292   -425   -274   -438    426   -439   -469   -370   -343   -265     94   -413   -445   -495   -335   -257
  -337   -431     10   -299   -141   -251    -10   -373   -227   -384   -421    377   -259   -143   -170   -148   -303   -411   -261   -129
  -421   -453   -510   -536    -84   -486   -374   -104   -441   -135    421   -512   -401   -374   -369   -449   -466   -276   -247   -130
  -148   -298   -367   -370    -47   -361   -241    -38   -324   -165   -268   -401   -259   -277   -193   -320   -255    312   -314   -179
  -194   -308   -336   -336     60   -303   -197   -114   -233    186   -154   -271   -250   -171   -139   -115    224   -127   -201    -49
  -337   -405   -462   -424     80   -430   -268   -133   -350    340   -105   -450   -299   -229   -208   -384   -384   -193   -222    -92
  -307   -398   -404   -430    -16   -416   -329    322   -341    -38   -168   -406   -351   -302   -266   -355   -340     26   -290   -108
  -183   -523    -13    278   -191   -248    -90   -383    251   -298   -341   -185   -176     45     41   -189   -275   -327   -321   -125
  -340   -486    412   -115   -187   -336   -180   -450   -339   -411   -469   -117   -353   -248   -238   -312   -441   -429   -323   -172
  -498   -674   -198    376   -371   -490   -373   -572   -491   -585   -633   -448   -518   -275   -402   -521   -597   -589   -498   -379
  -340   -486    412   -115   -187   -336   -180   -450   -339   -411   -469   -117   -353   -248   -238   -312   -441   -429   -323   -172
  -213   -336   -302   -220    106   -318    -81   -107   -152    134    233   -283   -232    378    -62   -241   -270   -147   -162    -19
  -410   -646   -152    369   -337   -411   -297   -543   -341   -526   -572   -140   -412   -194   -300   -402   -500   -535   -474   -319
  -314   -380   -465   -417    104   -436   -262     49   -344    322    -81   -442   -294   -219   -202   -374   -358   -145   -207    -82
   207   -240   -319   -348   -135   -140   -242   -390   -295   -338   -370   -273   -195   -209   -183    278   -154   -270   -308   -177
  -225   -453   -257   -355   -217    393   -247   -493   -288   -461   -472   -268   -297   -281   -179   -248   -428   -443   -302   -204
   268   -233   -323   -349   -127    232   -252   -374   -309   -322   -357   -304   -222   -226   -193    -80   -241   -237   -296   -183
  -104   -278   -240   -330   -131     94   -202   -410   -252   -355   -383   -186   -203   -197   -154    325    -62   -343   -302   -145
  -238   -349   -335   -398   -137   -326   -244   -314   -279   -343   -330   -241   -275   -208   -180    -54    306   -280   -301   -185
  -199   -441   -303   -317   -150   -302   -216   -407   -248   -318   -422   -357    503   -181   -164   -227   -335   -365   -346   -208
   307   -199   -327   -327    -79     67   -239   -319   -283   -264   -302   -322   -257   -217   -172    -59   -241   -175   -256   -151
  -335    440   -497   -502   -243   -164   -382   -461   -488   -449   -479   -498   -415   -403   -334   -391   -441   -485   -462   -324


letter-probability matrix: alength= 20 w= 25 nsites= 5 E= 9.3e-034
0.000000 0.000000 0.000000 0.800000 0.000000 0.000000 0.000000 0.000000 0.000000 0.000000 0.000000 0.000000 0.000000 0.000000 0.000000 0.000000 0.000000 0.200000 0.000000 0.000000
0.000000 0.000000 0.000000 0.000000 0.000000 0.000000 0.000000 0.000000 0.000000 0.000000 0.800000 0.000000 0.000000 0.000000 0.000000 0.000000 0.000000 0.200000 0.000000 0.000000
0.000000 0.000000 0.000000 0.600000 0.000000 0.000000 0.000000 0.000000 0.000000 0.000000 0.000000 0.000000 0.000000 0.400000 0.000000 0.000000 0.000000 0.000000 0.000000 0.000000
0.000000 0.000000 0.000000 0.000000 0.000000 0.000000 0.000000 0.000000 1.000000 0.000000 0.000000 0.000000 0.000000 0.000000 0.000000 0.000000 0.000000 0.000000 0.000000 0.000000
0.000000 0.000000 0.200000 0.000000 0.000000 0.000000 0.000000 0.000000 0.000000 0.000000 0.000000 0.800000 0.000000 0.000000 0.000000 0.000000 0.000000 0.000000 0.000000 0.000000
0.000000 0.000000 0.000000 0.000000 0.000000 0.000000 0.000000 0.200000 0.000000 0.000000 0.800000 0.000000 0.000000 0.000000 0.000000 0.000000 0.000000 0.000000 0.000000 0.000000
0.000000 0.000000 0.000000 0.000000 0.000000 0.000000 0.000000 0.000000 0.000000 0.000000 0.000000 0.000000 0.000000 0.000000 0.000000 0.000000 0.000000 1.000000 0.000000 0.000000
0.000000 0.000000 0.000000 0.000000 0.000000 0.000000 0.000000 0.000000 0.000000 0.400000 0.000000 0.000000 0.000000 0.000000 0.000000 0.000000 0.600000 0.000000 0.000000 0.000000
0.000000 0.000000 0.000000 0.000000 0.000000 0.000000 0.000000 0.000000 0.000000 1.000000 0.000000 0.000000 0.000000 0.000000 0.000000 0.000000 0.000000 0.000000 0.000000 0.000000
0.000000 0.000000 0.000000 0.000000 0.000000 0.000000 0.000000 1.000000 0.000000 0.000000 0.000000 0.000000 0.000000 0.000000 0.000000 0.000000 0.000000 0.000000 0.000000 0.000000
0.000000 0.000000 0.000000 0.600000 0.000000 0.000000 0.000000 0.000000 0.400000 0.000000 0.000000 0.000000 0.000000 0.000000 0.000000 0.000000 0.000000 0.000000 0.000000 0.000000
0.000000 0.000000 1.000000 0.000000 0.000000 0.000000 0.000000 0.000000 0.000000 0.000000 0.000000 0.000000 0.000000 0.000000 0.000000 0.000000 0.000000 0.000000 0.000000 0.000000
0.000000 0.000000 0.000000 1.000000 0.000000 0.000000 0.000000 0.000000 0.000000 0.000000 0.000000 0.000000 0.000000 0.000000 0.000000 0.000000 0.000000 0.000000 0.000000 0.000000
0.000000 0.000000 1.000000 0.000000 0.000000 0.000000 0.000000 0.000000 0.000000 0.000000 0.000000 0.000000 0.000000 0.000000 0.000000 0.000000 0.000000 0.000000 0.000000 0.000000
0.000000 0.000000 0.000000 0.000000 0.000000 0.000000 0.000000 0.000000 0.000000 0.200000 0.400000 0.000000 0.000000 0.400000 0.000000 0.000000 0.000000 0.000000 0.000000 0.000000
0.000000 0.000000 0.000000 0.800000 0.000000 0.000000 0.000000 0.000000 0.000000 0.000000 0.000000 0.200000 0.000000 0.000000 0.000000 0.000000 0.000000 0.000000 0.000000 0.000000
0.000000 0.000000 0.000000 0.000000 0.000000 0.000000 0.000000 0.200000 0.000000 0.800000 0.000000 0.000000 0.000000 0.000000 0.000000 0.000000 0.000000 0.000000 0.000000 0.000000
0.400000 0.000000 0.000000 0.000000 0.000000 0.000000 0.000000 0.000000 0.000000 0.000000 0.000000 0.000000 0.000000 0.000000 0.000000 0.600000 0.000000 0.000000 0.000000 0.000000
0.000000 0.000000 0.000000 0.000000 0.000000 1.000000 0.000000 0.000000 0.000000 0.000000 0.000000 0.000000 0.000000 0.000000 0.000000 0.000000 0.000000 0.000000 0.000000 0.000000
0.600000 0.000000 0.000000 0.000000 0.000000 0.400000 0.000000 0.000000 0.000000 0.000000 0.000000 0.000000 0.000000 0.000000 0.000000 0.000000 0.000000 0.000000 0.000000 0.000000
0.000000 0.000000 0.000000 0.000000 0.000000 0.200000 0.000000 0.000000 0.000000 0.000000 0.000000 0.000000 0.000000 0.000000 0.000000 0.800000 0.000000 0.000000 0.000000 0.000000
0.000000 0.000000 0.000000 0.000000 0.000000 0.000000 0.000000 0.000000 0.000000 0.000000 0.000000 0.000000 0.000000 0.000000 0.000000 0.000000 1.000000 0.000000 0.000000 0.000000
0.000000 0.000000 0.000000 0.000000 0.000000 0.000000 0.000000 0.000000 0.000000 0.000000 0.000000 0.000000 1.000000 0.000000 0.000000 0.000000 0.000000 0.000000 0.000000 0.000000
0.800000 0.000000 0.000000 0.000000 0.000000 0.200000 0.000000 0.000000 0.000000 0.000000 0.000000 0.000000 0.000000 0.000000 0.000000 0.000000 0.000000 0.000000 0.000000 0.000000
0.000000 0.800000 0.000000 0.000000 0.000000 0.200000 0.000000 0.000000 0.000000 0.000000 0.000000 0.000000 0.000000 0.000000 0.000000 0.000000 0.000000 0.000000 0.000000 0.000000