MEME version 4.11.1

ALPHABET= ACDEFGHIKLMNPQRSTVWY

Background letter frequencies (from unknown source):
A 0.089 C 0.051 D 0.056 E 0.067 F 0.026 G 0.080 H 0.013 I 0.047 K 0.051
L 0.093 M 0.034 N 0.042 P 0.035 Q 0.030 R 0.026 S 0.089 T 0.084 V 0.060
W 0.013 Y 0.013

MOTIF 6

log-odds matrix: alength= 20 w= 15 E= 5.0e-057
  -262   -543   -148    144   -352   -314   -109   -362     51   -380    369    146   -291    -98    -82    -43   -288   -334   -405   -202
   -40   -482   -192   -186   -326   -299   -101   -338    241   -361   -332    310   -285   -106    -63     40   -270     -9   -380   -186
  -301   -550     40   -208    101   -278   -107   -425    240   -442   -419    298   -313   -154   -151   -225     97   -400   -441   -216
  -267   -603    163    241   -397   -340   -146   -397    167   -414   -384    141   -296    110   -160    -50   -314   -356   -457   -244
  -445   -525    251   -591   -147   -628   -408     64   -547    241     92   -561   -512   -428   -431   -570   -465   -201   -367   -255
  -476   -495   -542   -555    516   -557   -359   -326   -527   -283   -365   -507   -450   -493   -444   -478   -560   -371   -273    -25
  -410   -616    339   -283   -482   -315   -174   -586   -312   -604   -613    304   -393   -273   -307   -285   -388   -561   -544   -304
  -546   -616   -647   -626   -265   -620   -440   -254   -574    337   -257   -597   -518   -470   -446   -621   -563   -338   -455   -341
  -354   -516    393    -40   -353   -394   -173   -380   -363   -442   -429    -26   -410   -293   -283   -355   -426   -375   -385   -237
  -427   -496   -683   -651   -251   -669   -531    296   -609    213   -249   -598   -572   -543   -536   -620   -446    174   -497   -346
  -312   -506   -366   -269   -326   -406   -129    121    225   -319   -305    262   -354   -107    163   -325   -323    182   -365   -204
  -311   -550   -288     -4   -403   -392   -134   -369    359   -386   -363   -226   -347   -107     15     26   -336     76   -401   -236
  -165   -449     16     21   -236    -55    -32     97    199   -274   -240    131   -206    -24    -21    -33   -195    159   -300   -102
    33   -341   -298   -244   -138   -329   -129    -92   -191   -167    244     34   -273   -155   -136    181    -29     31   -253    196
  -294   -605   -176    237   -423   -394   -153   -391    306   -402     61   -235   -326    -92    -43    -57   -339   -359   -438   -256


letter-probability matrix: alength= 20 w= 15 nsites= 16 E= 5.0e-057
0.000000 0.000000 0.000000 0.187500 0.000000 0.000000 0.000000 0.000000 0.062500 0.000000 0.562500 0.125000 0.000000 0.000000 0.000000 0.062500 0.000000 0.000000 0.000000 0.000000
0.062500 0.000000 0.000000 0.000000 0.000000 0.000000 0.000000 0.000000 0.312500 0.000000 0.000000 0.437500 0.000000 0.000000 0.000000 0.125000 0.000000 0.062500 0.000000 0.000000
0.000000 0.000000 0.062500 0.000000 0.062500 0.000000 0.000000 0.000000 0.312500 0.000000 0.000000 0.375000 0.000000 0.000000 0.000000 0.000000 0.187500 0.000000 0.000000 0.000000
0.000000 0.000000 0.187500 0.375000 0.000000 0.000000 0.000000 0.000000 0.187500 0.000000 0.000000 0.125000 0.000000 0.062500 0.000000 0.062500 0.000000 0.000000 0.000000 0.000000
0.000000 0.000000 0.375000 0.000000 0.000000 0.000000 0.000000 0.062500 0.000000 0.500000 0.062500 0.000000 0.000000 0.000000 0.000000 0.000000 0.000000 0.000000 0.000000 0.000000
0.000000 0.000000 0.000000 0.000000 1.000000 0.000000 0.000000 0.000000 0.000000 0.000000 0.000000 0.000000 0.000000 0.000000 0.000000 0.000000 0.000000 0.000000 0.000000 0.000000
0.000000 0.000000 0.625000 0.000000 0.000000 0.000000 0.000000 0.000000 0.000000 0.000000 0.000000 0.375000 0.000000 0.000000 0.000000 0.000000 0.000000 0.000000 0.000000 0.000000
0.000000 0.000000 0.000000 0.000000 0.000000 0.000000 0.000000 0.000000 0.000000 1.000000 0.000000 0.000000 0.000000 0.000000 0.000000 0.000000 0.000000 0.000000 0.000000 0.000000
0.000000 0.000000 0.812500 0.125000 0.000000 0.000000 0.000000 0.000000 0.000000 0.000000 0.000000 0.062500 0.000000 0.000000 0.000000 0.000000 0.000000 0.000000 0.000000 0.000000
0.000000 0.000000 0.000000 0.000000 0.000000 0.000000 0.000000 0.375000 0.000000 0.437500 0.000000 0.000000 0.000000 0.000000 0.000000 0.000000 0.000000 0.187500 0.000000 0.000000
0.000000 0.000000 0.000000 0.000000 0.000000 0.000000 0.000000 0.125000 0.250000 0.000000 0.000000 0.312500 0.000000 0.000000 0.062500 0.000000 0.000000 0.250000 0.000000 0.000000
0.000000 0.000000 0.000000 0.062500 0.000000 0.000000 0.000000 0.000000 0.687500 0.000000 0.000000 0.000000 0.000000 0.000000 0.000000 0.125000 0.000000 0.125000 0.000000 0.000000
0.000000 0.000000 0.062500 0.062500 0.000000 0.062500 0.000000 0.125000 0.250000 0.000000 0.000000 0.125000 0.000000 0.000000 0.000000 0.062500 0.000000 0.250000 0.000000 0.000000
0.125000 0.000000 0.000000 0.000000 0.000000 0.000000 0.000000 0.000000 0.000000 0.000000 0.250000 0.062500 0.000000 0.000000 0.000000 0.375000 0.062500 0.062500 0.000000 0.062500
0.000000 0.000000 0.000000 0.375000 0.000000 0.000000 0.000000 0.000000 0.500000 0.000000 0.062500 0.000000 0.000000 0.000000 0.000000 0.062500 0.000000 0.000000 0.000000 0.000000