MEME version 4.11.1

ALPHABET= ACDEFGHIKLMNPQRSTVWY

Background letter frequencies (from unknown source):
A 0.139 C 0.039 D 0.069 E 0.057 F 0.021 G 0.091 H 0.018 I 0.039 K 0.023
L 0.082 M 0.032 N 0.028 P 0.046 Q 0.018 R 0.042 S 0.072 T 0.098 V 0.062
W 0.013 Y 0.009

MOTIF 1

log-odds matrix: alength= 20 w= 25 E= 1.7e-012
  -293   -481   -117    361   -290   -333   -135   -286     59   -320   -302   -103   -291     36    113   -215   -296   -294   -366   -124
  -331   -417    349    -45   -245   -346   -168   -209   -130   -317   -321      3   -353   -116   -261   -251   -347    -36   -343   -119
  -288   -327   -328   -218   -191   -340    -95   -131    102   -215   -231   -141   -274     -7    405   -229   -282     47   -244    -71
  -223   -260   -295   -272   -197   -317   -195   -168    -87   -288   -212    -52   -275    -92   -199    203    240   -182   -301   -114
  -261   -307   -345   -261    -77   -361   -220    373   -112    -26    -83   -196    155   -127   -236   -230   -247     85   -266    -31
  -334   -332   -350   -296    192   -371     12   -181   -148   -192   -225   -185   -319   -142   -233   -252   -350   -227    -26    637
   210   -170   -308   -208    -95   -184   -181    -69    -76   -131    151   -160   -270    -84   -190    -55   -197    -46   -240    -40
   219   -165   -313   -235   -171   -163   -213   -185   -114   -239   -216   -158   -270   -116   -221    107   -186   -100   -286   -108
  -202   -262   -293   -284   -212   -278   -215   -268   -112   -323   -293    -71   -268   -142   -218    336     -4   -289   -320   -101
  -202   -262   -293   -284   -212   -278   -215   -268   -112   -323   -293    -71   -268   -142   -218    336     -4   -289   -320   -101
  -272   -413   -279   -300   -317    328   -253   -367   -160   -441   -391   -139   -355   -217   -258   -227   -399   -362   -339   -184
  -477   -424   -432   -392    -21   -444   -291   -330   -247   -231   -311   -300   -425   -225   -309   -397   -458   -336    608     49
  -217   -253   -402   -313    -50   -398   -234    157   -176    120    -81   -252   -319   -176   -264   -281   -227    310   -268    -62
  -457    460   -555   -475   -368   -565   -417   -357   -392   -455   -423   -413   -521   -377   -440   -453   -460   -447   -528   -334
  -250   -281   -315   -287   -200   -334   -212   -150   -105   -280   -215    -79   -298   -106   -217      3    294   -164   -307   -125
  -366   -352   -468   -352    -11   -457   -259      6   -201    328    -18   -303   -345   -154   -271   -345   -341    -98   -246    -55
  -250   -281   -315   -287   -200   -334   -212   -150   -105   -280   -215    -79   -298   -106   -217      3    294   -164   -307   -125
  -349   -356   -422   -367   -111   -453   -325    414   -203    -18    -85   -271   -403   -230   -333   -326   -309    105   -318    -81
  -548   -650   -233    406   -485   -539   -388   -461   -349   -574   -561   -328   -574   -217   -479   -502   -574   -519   -548   -369
  -457    460   -555   -475   -368   -565   -417   -357   -392   -455   -423   -413   -521   -377   -440   -453   -460   -447   -528   -334
  -272   -413   -279   -300   -317    328   -253   -367   -160   -441   -391   -139   -355   -217   -258   -227   -399   -362   -339   -184
  -250   -281   -315   -287   -200   -334   -212   -150   -105   -280   -215    -79   -298   -106   -217      3    294   -164   -307   -125
  -228   -268   -405   -332   -117   -424   -269    287   -199    -75   -128   -269   -342   -217   -292   -309   -240    309   -332   -118
  -328   -336   -423   -366   -117   -455   -325    396   -206    -22    -88   -270   -400   -232   -334   -324   -293    174   -326    -90
  -457    460   -555   -475   -368   -565   -417   -357   -392   -455   -423   -413   -521   -377   -440   -453   -460   -447   -528   -334


letter-probability matrix: alength= 20 w= 25 nsites= 3 E= 1.7e-012
0.000000 0.000000 0.000000 0.666667 0.000000 0.000000 0.000000 0.000000 0.000000 0.000000 0.000000 0.000000 0.000000 0.000000 0.333333 0.000000 0.000000 0.000000 0.000000 0.000000
0.000000 0.000000 0.666667 0.000000 0.000000 0.000000 0.000000 0.000000 0.000000 0.000000 0.000000 0.000000 0.000000 0.000000 0.000000 0.000000 0.000000 0.333333 0.000000 0.000000
0.000000 0.000000 0.000000 0.000000 0.000000 0.000000 0.000000 0.000000 0.000000 0.000000 0.000000 0.000000 0.000000 0.000000 0.666667 0.000000 0.000000 0.333333 0.000000 0.000000
0.000000 0.000000 0.000000 0.000000 0.000000 0.000000 0.000000 0.000000 0.000000 0.000000 0.000000 0.000000 0.000000 0.000000 0.000000 0.333333 0.666667 0.000000 0.000000 0.000000
0.000000 0.000000 0.000000 0.000000 0.000000 0.000000 0.000000 0.666667 0.000000 0.000000 0.000000 0.000000 0.333333 0.000000 0.000000 0.000000 0.000000 0.000000 0.000000 0.000000
0.000000 0.000000 0.000000 0.000000 0.000000 0.000000 0.000000 0.000000 0.000000 0.000000 0.000000 0.000000 0.000000 0.000000 0.000000 0.000000 0.000000 0.000000 0.000000 1.000000
0.666667 0.000000 0.000000 0.000000 0.000000 0.000000 0.000000 0.000000 0.000000 0.000000 0.333333 0.000000 0.000000 0.000000 0.000000 0.000000 0.000000 0.000000 0.000000 0.000000
0.666667 0.000000 0.000000 0.000000 0.000000 0.000000 0.000000 0.000000 0.000000 0.000000 0.000000 0.000000 0.000000 0.000000 0.000000 0.333333 0.000000 0.000000 0.000000 0.000000
0.000000 0.000000 0.000000 0.000000 0.000000 0.000000 0.000000 0.000000 0.000000 0.000000 0.000000 0.000000 0.000000 0.000000 0.000000 1.000000 0.000000 0.000000 0.000000 0.000000
0.000000 0.000000 0.000000 0.000000 0.000000 0.000000 0.000000 0.000000 0.000000 0.000000 0.000000 0.000000 0.000000 0.000000 0.000000 1.000000 0.000000 0.000000 0.000000 0.000000
0.000000 0.000000 0.000000 0.000000 0.000000 1.000000 0.000000 0.000000 0.000000 0.000000 0.000000 0.000000 0.000000 0.000000 0.000000 0.000000 0.000000 0.000000 0.000000 0.000000
0.000000 0.000000 0.000000 0.000000 0.000000 0.000000 0.000000 0.000000 0.000000 0.000000 0.000000 0.000000 0.000000 0.000000 0.000000 0.000000 0.000000 0.000000 1.000000 0.000000
0.000000 0.000000 0.000000 0.000000 0.000000 0.000000 0.000000 0.000000 0.000000 0.333333 0.000000 0.000000 0.000000 0.000000 0.000000 0.000000 0.000000 0.666667 0.000000 0.000000
0.000000 1.000000 0.000000 0.000000 0.000000 0.000000 0.000000 0.000000 0.000000 0.000000 0.000000 0.000000 0.000000 0.000000 0.000000 0.000000 0.000000 0.000000 0.000000 0.000000
0.000000 0.000000 0.000000 0.000000 0.000000 0.000000 0.000000 0.000000 0.000000 0.000000 0.000000 0.000000 0.000000 0.000000 0.000000 0.000000 1.000000 0.000000 0.000000 0.000000
0.000000 0.000000 0.000000 0.000000 0.000000 0.000000 0.000000 0.000000 0.000000 1.000000 0.000000 0.000000 0.000000 0.000000 0.000000 0.000000 0.000000 0.000000 0.000000 0.000000
0.000000 0.000000 0.000000 0.000000 0.000000 0.000000 0.000000 0.000000 0.000000 0.000000 0.000000 0.000000 0.000000 0.000000 0.000000 0.000000 1.000000 0.000000 0.000000 0.000000
0.000000 0.000000 0.000000 0.000000 0.000000 0.000000 0.000000 1.000000 0.000000 0.000000 0.000000 0.000000 0.000000 0.000000 0.000000 0.000000 0.000000 0.000000 0.000000 0.000000
0.000000 0.000000 0.000000 1.000000 0.000000 0.000000 0.000000 0.000000 0.000000 0.000000 0.000000 0.000000 0.000000 0.000000 0.000000 0.000000 0.000000 0.000000 0.000000 0.000000
0.000000 1.000000 0.000000 0.000000 0.000000 0.000000 0.000000 0.000000 0.000000 0.000000 0.000000 0.000000 0.000000 0.000000 0.000000 0.000000 0.000000 0.000000 0.000000 0.000000
0.000000 0.000000 0.000000 0.000000 0.000000 1.000000 0.000000 0.000000 0.000000 0.000000 0.000000 0.000000 0.000000 0.000000 0.000000 0.000000 0.000000 0.000000 0.000000 0.000000
0.000000 0.000000 0.000000 0.000000 0.000000 0.000000 0.000000 0.000000 0.000000 0.000000 0.000000 0.000000 0.000000 0.000000 0.000000 0.000000 1.000000 0.000000 0.000000 0.000000
0.000000 0.000000 0.000000 0.000000 0.000000 0.000000 0.000000 0.333333 0.000000 0.000000 0.000000 0.000000 0.000000 0.000000 0.000000 0.000000 0.000000 0.666667 0.000000 0.000000
0.000000 0.000000 0.000000 0.000000 0.000000 0.000000 0.000000 0.666667 0.000000 0.000000 0.000000 0.000000 0.000000 0.000000 0.000000 0.000000 0.000000 0.333333 0.000000 0.000000
0.000000 1.000000 0.000000 0.000000 0.000000 0.000000 0.000000 0.000000 0.000000 0.000000 0.000000 0.000000 0.000000 0.000000 0.000000 0.000000 0.000000 0.000000 0.000000 0.000000