MEME version 4.11.1

ALPHABET= ACDEFGHIKLMNPQRSTVWY

Background letter frequencies (from unknown source):
A 0.110 C 0.059 D 0.059 E 0.079 F 0.031 G 0.082 H 0.017 I 0.041 K 0.025
L 0.087 M 0.021 N 0.032 P 0.050 Q 0.027 R 0.032 S 0.085 T 0.072 V 0.053
W 0.024 Y 0.014

MOTIF 4

log-odds matrix: alength= 20 w= 29 E= 8.4e-001
  -438   -491   -494   -503   -278   -498   -363   -161   -301   -159    542   -391   -462   -354   -387   -443   -402   -233   -376   -174
   268   -219   -274   -254   -202   -139   -195   -148   -105   -215   -137   -177   -254   -162   -166    -62   -154    -49   -348   -140
  -131   -301   -223   -268   -230   -220   -160   -227    -74   -287   -196    -52   -229   -148   -139    297     60   -218   -370   -121
  -289   -393   -378   -385   -145   -411   -290    401   -188    -11    -12   -265   -381   -261   -267   -327   -240    138   -378   -119
  -295   -383   -403   -360    -40   -405   -220     37   -172    312     59   -282   -320   -182   -202   -332   -262    -44   -289    -82
  -488   -696   -198    358   -524   -503   -361   -451   -315   -556   -477   -326   -545   -251   -407   -496   -500   -474   -618   -405
  -295   -383   -403   -360    -40   -405   -220     37   -172    312     59   -282   -320   -182   -202   -332   -262    -44   -289    -82
  -272   -440   -275   -116   -307   -367     49   -263    -54   -236   -120   -136   -274    483    -80   -263   -270   -269   -345   -185
  -293   -470    334    -99   -307   -239    -72   -292    -85   -362   -284    271   -319   -125   -181   -191   -250   -294   -405   -157
  -295   -383   -403   -360    -40   -405   -220     37   -172    312     59   -282   -320   -182   -202   -332   -262    -44   -289    -82
  -303   -557    271    261   -378   -333   -179   -333    -98   -391   -310    -70   -347    -94   -222   -285   -315   -315   -478   -229
  -141   -299   -335   -322   -161   -350   -209    129   -162   -109    -87   -250   -295   -228   -201   -284   -160    369   -383   -157
  -488   -696   -198    358   -524   -503   -361   -451   -315   -556   -477   -326   -545   -251   -407   -496   -500   -474   -618   -405
  -265   -396   -217   -214   -204   -288    361   -239    113   -256   -186    -48   -257     42    397   -215   -227   -237   -285     15
   268   -219   -274   -254   -202   -139   -195   -148   -105   -215   -137   -177   -254   -162   -166    -62   -154    -49   -348   -140
  -144   -341   -157   -150   -208   -194    -21   -179    137   -224   -149    -24   -182      7    365    128    -50   -169   -290    -62
   -82   -332   -159   -223   -253    273   -131   -242    -56   -308   -213    -38   -226   -125   -126    113   -109   -198   -353   -132
    90   -353    -23    251   -225   -184    -84   -177     44   -234   -154    -65   -177     31    -69   -131   -164   -116   -352    -91
   115   -290    -35   -117   -176   -103     -8   -136     46   -209   -129    332   -167     -8    -44    -57   -101    -90   -297    -49
  -212   -413    270    -58   -250   -203    -29   -223     96   -267   -190     12   -223    -12    310   -164   -190   -209   -315    -92
  -131   -301   -223   -268   -230   -220   -160   -227    -74   -287   -196    -52   -229   -148   -139    297     60   -218   -370   -121
  -293   -470    334    -99   -307   -239    -72   -292    -85   -362   -284    271   -319   -125   -181   -191   -250   -294   -405   -157
    69   -316   -266   -278    -40   -214   -141   -140    -85   -166   -126   -172   -268   -128   -127   -175   -209   -102    455     53
  -131   -301   -223   -268   -230   -220   -160   -227    -74   -287   -196    -52   -229   -148   -139    297     60   -218   -370   -121
  -183   -309   -351   -329    -42   -355   -193    196   -146    196     36   -232   -296   -177   -192   -273   -178    252   -269    -62
  -435   -479   -406   -432    -73   -422   -276   -325   -250   -233   -245   -311   -428   -278   -265   -414   -405   -306    523     -4
  -488   -696   -198    358   -524   -503   -361   -451   -315   -556   -477   -326   -545   -251   -407   -496   -500   -474   -618   -405
  -414    401   -529   -517   -417   -539   -405   -354   -395   -453   -358   -425   -522   -430   -397   -468   -408   -411   -603   -383
  -414    401   -529   -517   -417   -539   -405   -354   -395   -453   -358   -425   -522   -430   -397   -468   -408   -411   -603   -383


letter-probability matrix: alength= 20 w= 29 nsites= 2 E= 8.4e-001
0.000000 0.000000 0.000000 0.000000 0.000000 0.000000 0.000000 0.000000 0.000000 0.000000 1.000000 0.000000 0.000000 0.000000 0.000000 0.000000 0.000000 0.000000 0.000000 0.000000
1.000000 0.000000 0.000000 0.000000 0.000000 0.000000 0.000000 0.000000 0.000000 0.000000 0.000000 0.000000 0.000000 0.000000 0.000000 0.000000 0.000000 0.000000 0.000000 0.000000
0.000000 0.000000 0.000000 0.000000 0.000000 0.000000 0.000000 0.000000 0.000000 0.000000 0.000000 0.000000 0.000000 0.000000 0.000000 1.000000 0.000000 0.000000 0.000000 0.000000
0.000000 0.000000 0.000000 0.000000 0.000000 0.000000 0.000000 1.000000 0.000000 0.000000 0.000000 0.000000 0.000000 0.000000 0.000000 0.000000 0.000000 0.000000 0.000000 0.000000
0.000000 0.000000 0.000000 0.000000 0.000000 0.000000 0.000000 0.000000 0.000000 1.000000 0.000000 0.000000 0.000000 0.000000 0.000000 0.000000 0.000000 0.000000 0.000000 0.000000
0.000000 0.000000 0.000000 1.000000 0.000000 0.000000 0.000000 0.000000 0.000000 0.000000 0.000000 0.000000 0.000000 0.000000 0.000000 0.000000 0.000000 0.000000 0.000000 0.000000
0.000000 0.000000 0.000000 0.000000 0.000000 0.000000 0.000000 0.000000 0.000000 1.000000 0.000000 0.000000 0.000000 0.000000 0.000000 0.000000 0.000000 0.000000 0.000000 0.000000
0.000000 0.000000 0.000000 0.000000 0.000000 0.000000 0.000000 0.000000 0.000000 0.000000 0.000000 0.000000 0.000000 1.000000 0.000000 0.000000 0.000000 0.000000 0.000000 0.000000
0.000000 0.000000 0.500000 0.000000 0.000000 0.000000 0.000000 0.000000 0.000000 0.000000 0.000000 0.500000 0.000000 0.000000 0.000000 0.000000 0.000000 0.000000 0.000000 0.000000
0.000000 0.000000 0.000000 0.000000 0.000000 0.000000 0.000000 0.000000 0.000000 1.000000 0.000000 0.000000 0.000000 0.000000 0.000000 0.000000 0.000000 0.000000 0.000000 0.000000
0.000000 0.000000 0.500000 0.500000 0.000000 0.000000 0.000000 0.000000 0.000000 0.000000 0.000000 0.000000 0.000000 0.000000 0.000000 0.000000 0.000000 0.000000 0.000000 0.000000
0.000000 0.000000 0.000000 0.000000 0.000000 0.000000 0.000000 0.000000 0.000000 0.000000 0.000000 0.000000 0.000000 0.000000 0.000000 0.000000 0.000000 1.000000 0.000000 0.000000
0.000000 0.000000 0.000000 1.000000 0.000000 0.000000 0.000000 0.000000 0.000000 0.000000 0.000000 0.000000 0.000000 0.000000 0.000000 0.000000 0.000000 0.000000 0.000000 0.000000
0.000000 0.000000 0.000000 0.000000 0.000000 0.000000 0.500000 0.000000 0.000000 0.000000 0.000000 0.000000 0.000000 0.000000 0.500000 0.000000 0.000000 0.000000 0.000000 0.000000
1.000000 0.000000 0.000000 0.000000 0.000000 0.000000 0.000000 0.000000 0.000000 0.000000 0.000000 0.000000 0.000000 0.000000 0.000000 0.000000 0.000000 0.000000 0.000000 0.000000
0.000000 0.000000 0.000000 0.000000 0.000000 0.000000 0.000000 0.000000 0.000000 0.000000 0.000000 0.000000 0.000000 0.000000 0.500000 0.500000 0.000000 0.000000 0.000000 0.000000
0.000000 0.000000 0.000000 0.000000 0.000000 0.500000 0.000000 0.000000 0.000000 0.000000 0.000000 0.000000 0.000000 0.000000 0.000000 0.500000 0.000000 0.000000 0.000000 0.000000
0.500000 0.000000 0.000000 0.500000 0.000000 0.000000 0.000000 0.000000 0.000000 0.000000 0.000000 0.000000 0.000000 0.000000 0.000000 0.000000 0.000000 0.000000 0.000000 0.000000
0.500000 0.000000 0.000000 0.000000 0.000000 0.000000 0.000000 0.000000 0.000000 0.000000 0.000000 0.500000 0.000000 0.000000 0.000000 0.000000 0.000000 0.000000 0.000000 0.000000
0.000000 0.000000 0.500000 0.000000 0.000000 0.000000 0.000000 0.000000 0.000000 0.000000 0.000000 0.000000 0.000000 0.000000 0.500000 0.000000 0.000000 0.000000 0.000000 0.000000
0.000000 0.000000 0.000000 0.000000 0.000000 0.000000 0.000000 0.000000 0.000000 0.000000 0.000000 0.000000 0.000000 0.000000 0.000000 1.000000 0.000000 0.000000 0.000000 0.000000
0.000000 0.000000 0.500000 0.000000 0.000000 0.000000 0.000000 0.000000 0.000000 0.000000 0.000000 0.500000 0.000000 0.000000 0.000000 0.000000 0.000000 0.000000 0.000000 0.000000
0.500000 0.000000 0.000000 0.000000 0.000000 0.000000 0.000000 0.000000 0.000000 0.000000 0.000000 0.000000 0.000000 0.000000 0.000000 0.000000 0.000000 0.000000 0.500000 0.000000
0.000000 0.000000 0.000000 0.000000 0.000000 0.000000 0.000000 0.000000 0.000000 0.000000 0.000000 0.000000 0.000000 0.000000 0.000000 1.000000 0.000000 0.000000 0.000000 0.000000
0.000000 0.000000 0.000000 0.000000 0.000000 0.000000 0.000000 0.000000 0.000000 0.500000 0.000000 0.000000 0.000000 0.000000 0.000000 0.000000 0.000000 0.500000 0.000000 0.000000
0.000000 0.000000 0.000000 0.000000 0.000000 0.000000 0.000000 0.000000 0.000000 0.000000 0.000000 0.000000 0.000000 0.000000 0.000000 0.000000 0.000000 0.000000 1.000000 0.000000
0.000000 0.000000 0.000000 1.000000 0.000000 0.000000 0.000000 0.000000 0.000000 0.000000 0.000000 0.000000 0.000000 0.000000 0.000000 0.000000 0.000000 0.000000 0.000000 0.000000
0.000000 1.000000 0.000000 0.000000 0.000000 0.000000 0.000000 0.000000 0.000000 0.000000 0.000000 0.000000 0.000000 0.000000 0.000000 0.000000 0.000000 0.000000 0.000000 0.000000
0.000000 1.000000 0.000000 0.000000 0.000000 0.000000 0.000000 0.000000 0.000000 0.000000 0.000000 0.000000 0.000000 0.000000 0.000000 0.000000 0.000000 0.000000 0.000000 0.000000