MEME version 4.11.1

ALPHABET= ACDEFGHIKLMNPQRSTVWY

Background letter frequencies (from unknown source):
A 0.089 C 0.051 D 0.056 E 0.067 F 0.026 G 0.080 H 0.013 I 0.047 K 0.051
L 0.093 M 0.034 N 0.042 P 0.035 Q 0.030 R 0.026 S 0.089 T 0.084 V 0.060
W 0.013 Y 0.013

MOTIF 3

log-odds matrix: alength= 20 w= 25 E= 2.7e-087
  -172   -457   -123    107   -250   -254    -30   -274    144   -289   -255    274   -209    134    -20     57    -21   -246   -310   -109
  -321   -595    294    124   -441   -288   -136   -480     45   -501   -488    264   -327   -157   -230   -250   -336   -441   -503   -265
  -204   -346     31   -316   -280   -319   -190     48   -251   -365   -326   -135   -277   -237   -182    284     41   -320   -355   -192
   -69   -490     -9   -251   -372    299   -166   -409     -8   -456   -411   -138   -323   -216   -182   -248     54   -374   -385   -240
   306   -241   -376   -343   -249    -73   -250    -36   -316   -296   -267   -319    -18   -284   -230   -119   -255   -123   -323   -226
  -277   -532    141    115   -375     73   -102   -421   -178   -439   -415    -54   -295   -136   -167    189     67   -389   -442   -214
  -200   -472   -310    -53   -316   -357   -204   -330   -254   -343   -374   -302    434   -210   -198   -255     54   -303   -424   -280
   -75   -442   -412   -370   -380   -417   -107   -367    -71   -389   -394   -282   -318     13    492   -370   -393   -414   -298     93
  -318   -432   -419   -417     18   -465   -296    372   -347    -63   -121   -350   -394   -327   -292   -378   -315    167     85   -145
    64   -390   -334   -337   -359    -27   -225   -331    128   -417   -351   -223   -327   -228   -182   -158    276   -283   -417   -281
  -392   -559   -557   -632   -519   -483   -444   -603   -559   -624   -615   -451   -479   -516   -452    344   -324   -554   -550   -432
  -265   -513   -279     18   -336   -355    322    137    248   -329   -304   -188   -298    -57    187   -264   -282   -300    379   -175
  -439   -518   -523   -556    255   -524   -132   -396   -466   -383   -415   -363   -463   -379   -346    295   -297   -417   -134    294
  -383   -462   -527   -452     96   -535   -292     45   -402    310    -82   -443   -380   -296   -279   -459   -394   -166   -309   -190
  -408    424   -537   -509   -416   -563   -384   -397   -522   -487   -447   -484   -495   -464   -386   -501   -451   -460   -536   -403
  -263   -382   -377   -419   -321   -416   -250   -255   -309   -397   -289   -197   -342   -254   -232      5    327   -234   -379   -280
  -215   -486   -334   -319   -327   -372   -218   -343   -270   -355   -388   -325    457     64   -212   -271   -321   -316   -433   -291
  -107   -486   -287   -360   -394    346   -249   -431   -314   -503   -438   -233   -357   -331   -228   -290   -413   -392   -373   -279
  -395    423   -533   -503   -411   -552   -380   -392   -517   -482   -441   -477   -489   -458   -381   -365   -443   -452   -533   -399
   165     34   -326   -270   -231   -294   -167   -188    262   -260   -245   -248   -291   -173   -133   -214     70     39   -329   -168
  -263   -433   -298   -247   -317   -378   -129   -274    178   -348   -286   -178   -308   -112    143     56    244   -256    196   -205
  -207   -447   -165   -168   -271    195    -82   -279     68   -317   -291   -101    177    -94    -64   -194    154   -260   -342    222
    56   -309   -366   -310    -98    213   -149    160     27     -1   -117   -259   -284   -202   -170   -255   -210     69   -222    -65
  -192   -313   -416   -353   -100     56   -172     98   -293    181   -117   -292   -300   -234   -202    141   -220     73   -230    -74
  -192     26   -403   -339    316     55   -158    -35   -278     11    278   -281   -293    103   -189   -268   -214    -49   -214    -52


letter-probability matrix: alength= 20 w= 25 nsites= 13 E= 2.7e-087
0.000000 0.000000 0.000000 0.153846 0.000000 0.000000 0.000000 0.000000 0.153846 0.000000 0.000000 0.384615 0.000000 0.076923 0.000000 0.153846 0.076923 0.000000 0.000000 0.000000
0.000000 0.000000 0.461538 0.153846 0.000000 0.000000 0.000000 0.000000 0.076923 0.000000 0.000000 0.307692 0.000000 0.000000 0.000000 0.000000 0.000000 0.000000 0.000000 0.000000
0.000000 0.000000 0.153846 0.000000 0.000000 0.000000 0.000000 0.153846 0.000000 0.000000 0.000000 0.000000 0.000000 0.000000 0.000000 0.615385 0.076923 0.000000 0.000000 0.000000
0.076923 0.000000 0.076923 0.000000 0.000000 0.538462 0.000000 0.000000 0.076923 0.000000 0.000000 0.000000 0.000000 0.000000 0.000000 0.000000 0.230769 0.000000 0.000000 0.000000
0.769231 0.000000 0.000000 0.000000 0.000000 0.076923 0.000000 0.076923 0.000000 0.000000 0.000000 0.000000 0.076923 0.000000 0.000000 0.000000 0.000000 0.000000 0.000000 0.000000
0.000000 0.000000 0.153846 0.153846 0.000000 0.153846 0.000000 0.000000 0.000000 0.000000 0.000000 0.000000 0.000000 0.000000 0.000000 0.384615 0.153846 0.000000 0.000000 0.000000
0.000000 0.000000 0.000000 0.076923 0.000000 0.000000 0.000000 0.000000 0.000000 0.000000 0.000000 0.000000 0.692308 0.000000 0.000000 0.000000 0.230769 0.000000 0.000000 0.000000
0.153846 0.000000 0.000000 0.000000 0.000000 0.000000 0.000000 0.000000 0.000000 0.000000 0.000000 0.000000 0.000000 0.076923 0.692308 0.000000 0.000000 0.000000 0.000000 0.076923
0.000000 0.000000 0.000000 0.000000 0.076923 0.000000 0.000000 0.538462 0.000000 0.000000 0.000000 0.000000 0.000000 0.000000 0.000000 0.000000 0.000000 0.307692 0.076923 0.000000
0.153846 0.000000 0.000000 0.000000 0.000000 0.076923 0.000000 0.000000 0.153846 0.000000 0.000000 0.000000 0.000000 0.000000 0.000000 0.000000 0.615385 0.000000 0.000000 0.000000
0.000000 0.000000 0.000000 0.000000 0.000000 0.000000 0.000000 0.000000 0.000000 0.000000 0.000000 0.000000 0.000000 0.000000 0.000000 1.000000 0.000000 0.000000 0.000000 0.000000
0.000000 0.000000 0.000000 0.076923 0.000000 0.000000 0.153846 0.153846 0.307692 0.000000 0.000000 0.000000 0.000000 0.000000 0.076923 0.000000 0.000000 0.000000 0.230769 0.000000
0.000000 0.000000 0.000000 0.000000 0.153846 0.000000 0.000000 0.000000 0.000000 0.000000 0.000000 0.000000 0.000000 0.000000 0.000000 0.769231 0.000000 0.000000 0.000000 0.076923
0.000000 0.000000 0.000000 0.000000 0.076923 0.000000 0.000000 0.076923 0.000000 0.846154 0.000000 0.000000 0.000000 0.000000 0.000000 0.000000 0.000000 0.000000 0.000000 0.000000
0.000000 1.000000 0.000000 0.000000 0.000000 0.000000 0.000000 0.000000 0.000000 0.000000 0.000000 0.000000 0.000000 0.000000 0.000000 0.000000 0.000000 0.000000 0.000000 0.000000
0.000000 0.000000 0.000000 0.000000 0.000000 0.000000 0.000000 0.000000 0.000000 0.000000 0.000000 0.000000 0.000000 0.000000 0.000000 0.076923 0.923077 0.000000 0.000000 0.000000
0.000000 0.000000 0.000000 0.000000 0.000000 0.000000 0.000000 0.000000 0.000000 0.000000 0.000000 0.000000 0.923077 0.076923 0.000000 0.000000 0.000000 0.000000 0.000000 0.000000
0.076923 0.000000 0.000000 0.000000 0.000000 0.923077 0.000000 0.000000 0.000000 0.000000 0.000000 0.000000 0.000000 0.000000 0.000000 0.000000 0.000000 0.000000 0.000000 0.000000
0.000000 0.923077 0.000000 0.000000 0.000000 0.000000 0.000000 0.000000 0.000000 0.000000 0.000000 0.000000 0.000000 0.000000 0.000000 0.076923 0.000000 0.000000 0.000000 0.000000
0.307692 0.076923 0.000000 0.000000 0.000000 0.000000 0.000000 0.000000 0.384615 0.000000 0.000000 0.000000 0.000000 0.000000 0.000000 0.000000 0.153846 0.076923 0.000000 0.000000
0.000000 0.000000 0.000000 0.000000 0.000000 0.000000 0.000000 0.000000 0.230769 0.000000 0.000000 0.000000 0.000000 0.000000 0.076923 0.153846 0.461538 0.000000 0.076923 0.000000
0.000000 0.000000 0.000000 0.000000 0.000000 0.384615 0.000000 0.000000 0.076923 0.000000 0.000000 0.000000 0.153846 0.000000 0.000000 0.000000 0.307692 0.000000 0.000000 0.076923
0.153846 0.000000 0.000000 0.000000 0.000000 0.461538 0.000000 0.153846 0.076923 0.076923 0.000000 0.000000 0.000000 0.000000 0.000000 0.000000 0.000000 0.076923 0.000000 0.000000
0.000000 0.000000 0.000000 0.000000 0.000000 0.153846 0.000000 0.076923 0.000000 0.384615 0.000000 0.000000 0.000000 0.000000 0.000000 0.307692 0.000000 0.076923 0.000000 0.000000
0.000000 0.076923 0.000000 0.000000 0.307692 0.153846 0.000000 0.000000 0.000000 0.076923 0.307692 0.000000 0.000000 0.076923 0.000000 0.000000 0.000000 0.000000 0.000000 0.000000