MEME version 4.11.2

ALPHABET= ACDEFGHIKLMNPQRSTVWY

Background letter frequencies (from unknown source):
A 0.049 C 0.049 D 0.035 E 0.077 F 0.021 G 0.077 H 0.007 I 0.077 K 0.056
L 0.091 M 0.049 N 0.077 P 0.007 Q 0.056 R 0.021 S 0.056 T 0.091 V 0.077
W 0.007 Y 0.021

MOTIF 1

log-odds matrix: alength= 20 w= 50 E= 7.2e-012
  -371   -668   -122    363   -468   -494   -230   -543   -432   -563   -599   -451   -263   -355   -345   -435   -534   -527   -443   -467
  -371   -668   -122    363   -468   -494   -230   -543   -432   -563   -599   -451   -263   -355   -345   -435   -534   -527   -443   -467
  -178   -355   -327   -355     16   -396    -89    -55   -290    305    -63   -408    -37   -286   -140   -271   -296    -97   -115   -144
   -14   -273   -146   -264   -174   -212    -30   -318   -192   -294   -318   -178     53   -252    -77    358     26   -271   -195   -183
  -172   -365   -302   -381    -89   -403   -159    310   -305    -18   -133   -391    -99   -365   -205   -266   -274     85   -203   -181
  -178   -355   -327   -355     16   -396    -89    -55   -290    305    -63   -408    -37   -286   -140   -271   -296    -97   -115   -144
  -321   -463   -417   -499   -222   -489   -232   -252   -418   -166    420   -517   -179   -458   -325   -382   -436   -286   -201   -236
  -229   -481    460    -98   -289   -337    -46   -421   -315   -405   -448   -135   -119   -327   -205   -244   -390   -378   -270   -271
  -229   -481    460    -98   -289   -337    -46   -421   -315   -405   -448   -135   -119   -327   -205   -244   -390   -378   -270   -271
   385   -191   -197   -250   -146   -130    -64   -239   -223   -222   -259   -303     29   -266   -105     -1   -189   -102   -173   -202
  -235   -425    -79   -321   -235   -291    111   -339   -234   -369   -396    343    -50   -257   -145   -110   -274   -351   -201   -228
  -235   -425    -79   -321   -235   -291    111   -339   -234   -369   -396    343    -50   -257   -145   -110   -274   -351   -201   -228
  -178   -355   -327   -355     16   -396    -89    -55   -290    305    -63   -408    -37   -286   -140   -271   -296    -97   -115   -144
  -371   -668   -122    363   -468   -494   -230   -543   -432   -563   -599   -451   -263   -355   -345   -435   -534   -527   -443   -467
  -155   -412   -199   -111   -251   -358    180   -354   -171   -243   -242   -262      8    379    -18   -202   -304   -322   -170   -247
  -178   -355   -327   -355     16   -396    -89    -55   -290    305    -63   -408    -37   -286   -140   -271   -296    -97   -115   -144
   -60   -283   -168   -265   -158   -265    -28   -205   -182   -243   -243   -190     31   -224    -72     84    287   -153   -178   -197
   385   -191   -197   -250   -146   -130    -64   -239   -223   -222   -259   -303     29   -266   -105     -1   -189   -102   -173   -202
  -103   -427   -165   -321   -299    349    -99   -441   -270   -432   -435   -266    -61   -358   -143   -173   -365   -371   -234   -287
  -172   -365   -302   -381    -89   -403   -159    310   -305    -18   -133   -391    -99   -365   -205   -266   -274     85   -203   -181
  -103   -427   -165   -321   -299    349    -99   -441   -270   -432   -435   -266    -61   -358   -143   -173   -365   -371   -234   -287
   -60   -283   -168   -265   -158   -265    -28   -205   -182   -243   -243   -190     31   -224    -72     84    287   -153   -178   -197
   -60   -283   -168   -265   -158   -265    -28   -205   -182   -243   -243   -190     31   -224    -72     84    287   -153   -178   -197
   -24   -272   -258   -318   -105   -341    -78     38   -280   -116   -208   -376    -13   -332   -139   -223   -194    316   -208   -219
   -24   -272   -258   -318   -105   -341    -78     38   -280   -116   -208   -376    -13   -332   -139   -223   -194    316   -208   -219
  -235   -425    -79   -321   -235   -291    111   -339   -234   -369   -396    343    -50   -257   -145   -110   -274   -351   -201   -228
   -14   -273   -146   -264   -174   -212    -30   -318   -192   -294   -318   -178     53   -252    -77    358     26   -271   -195   -183
   -60   -283   -168   -265   -158   -265    -28   -205   -182   -243   -243   -190     31   -224    -72     84    287   -153   -178   -197
  -239   -352   -339   -427    530   -429   -107   -238   -388   -128   -260   -446    -85   -431   -266   -267   -414   -248    -35     64
   -14   -273   -146   -264   -174   -212    -30   -318   -192   -294   -318   -178     53   -252    -77    358     26   -271   -195   -183
  -172   -365   -302   -381    -89   -403   -159    310   -305    -18   -133   -391    -99   -365   -205   -266   -274     85   -203   -181
   -24   -272   -258   -318   -105   -341    -78     38   -280   -116   -208   -376    -13   -332   -139   -223   -194    316   -208   -219
  -178   -355   -327   -355     16   -396    -89    -55   -290    305    -63   -408    -37   -286   -140   -271   -296    -97   -115   -144
  -103   -427   -165   -321   -299    349    -99   -441   -270   -432   -435   -266    -61   -358   -143   -173   -365   -371   -234   -287
  -235   -425    -79   -321   -235   -291    111   -339   -234   -369   -396    343    -50   -257   -145   -110   -274   -351   -201   -228
  -250   -474   -322   -355   -374   -417   -116   -406    397   -415   -438   -363   -109   -318    110   -323   -387   -425   -276   -336
  -103   -427   -165   -321   -299    349    -99   -441   -270   -432   -435   -266    -61   -358   -143   -173   -365   -371   -234   -287
  -122   -315   -189   -271    234   -292    201   -217   -211   -153   -231   -273     10   -247    -75   -157   -277   -198    107    490
  -172   -365   -302   -381    -89   -403   -159    310   -305    -18   -133   -391    -99   -365   -205   -266   -274     85   -203   -181
  -297    429   -452   -513   -361   -531   -274   -445   -513   -460   -479   -551   -240   -534   -335   -407   -443   -464   -428   -446
   -60   -283   -168   -265   -158   -265    -28   -205   -182   -243   -243   -190     31   -224    -72     84    287   -153   -178   -197
   -24   -272   -258   -318   -105   -341    -78     38   -280   -116   -208   -376    -13   -332   -139   -223   -194    316   -208   -219
   -60   -283   -168   -265   -158   -265    -28   -205   -182   -243   -243   -190     31   -224    -72     84    287   -153   -178   -197
   -24   -272   -258   -318   -105   -341    -78     38   -280   -116   -208   -376    -13   -332   -139   -223   -194    316   -208   -219
  -371   -668   -122    363   -468   -494   -230   -543   -432   -563   -599   -451   -263   -355   -345   -435   -534   -527   -443   -467
  -297    429   -452   -513   -361   -531   -274   -445   -513   -460   -479   -551   -240   -534   -335   -407   -443   -464   -428   -446
  -321   -463   -417   -499   -222   -489   -232   -252   -418   -166    420   -517   -179   -458   -325   -382   -436   -286   -201   -236
  -246   -397   -316   -387   -318   -377     13   -407    -69   -358   -426   -349    -44   -231    537   -283   -385   -429   -175   -289
  -235   -425    -79   -321   -235   -291    111   -339   -234   -369   -396    343    -50   -257   -145   -110   -274   -351   -201   -228
  -297    429   -452   -513   -361   -531   -274   -445   -513   -460   -479   -551   -240   -534   -335   -407   -443   -464   -428   -446


letter-probability matrix: alength= 20 w= 50 nsites= 2 E= 7.2e-012
0.000000 0.000000 0.000000 1.000000 0.000000 0.000000 0.000000 0.000000 0.000000 0.000000 0.000000 0.000000 0.000000 0.000000 0.000000 0.000000 0.000000 0.000000 0.000000 0.000000
0.000000 0.000000 0.000000 1.000000 0.000000 0.000000 0.000000 0.000000 0.000000 0.000000 0.000000 0.000000 0.000000 0.000000 0.000000 0.000000 0.000000 0.000000 0.000000 0.000000
0.000000 0.000000 0.000000 0.000000 0.000000 0.000000 0.000000 0.000000 0.000000 1.000000 0.000000 0.000000 0.000000 0.000000 0.000000 0.000000 0.000000 0.000000 0.000000 0.000000
0.000000 0.000000 0.000000 0.000000 0.000000 0.000000 0.000000 0.000000 0.000000 0.000000 0.000000 0.000000 0.000000 0.000000 0.000000 1.000000 0.000000 0.000000 0.000000 0.000000
0.000000 0.000000 0.000000 0.000000 0.000000 0.000000 0.000000 1.000000 0.000000 0.000000 0.000000 0.000000 0.000000 0.000000 0.000000 0.000000 0.000000 0.000000 0.000000 0.000000
0.000000 0.000000 0.000000 0.000000 0.000000 0.000000 0.000000 0.000000 0.000000 1.000000 0.000000 0.000000 0.000000 0.000000 0.000000 0.000000 0.000000 0.000000 0.000000 0.000000
0.000000 0.000000 0.000000 0.000000 0.000000 0.000000 0.000000 0.000000 0.000000 0.000000 1.000000 0.000000 0.000000 0.000000 0.000000 0.000000 0.000000 0.000000 0.000000 0.000000
0.000000 0.000000 1.000000 0.000000 0.000000 0.000000 0.000000 0.000000 0.000000 0.000000 0.000000 0.000000 0.000000 0.000000 0.000000 0.000000 0.000000 0.000000 0.000000 0.000000
0.000000 0.000000 1.000000 0.000000 0.000000 0.000000 0.000000 0.000000 0.000000 0.000000 0.000000 0.000000 0.000000 0.000000 0.000000 0.000000 0.000000 0.000000 0.000000 0.000000
1.000000 0.000000 0.000000 0.000000 0.000000 0.000000 0.000000 0.000000 0.000000 0.000000 0.000000 0.000000 0.000000 0.000000 0.000000 0.000000 0.000000 0.000000 0.000000 0.000000
0.000000 0.000000 0.000000 0.000000 0.000000 0.000000 0.000000 0.000000 0.000000 0.000000 0.000000 1.000000 0.000000 0.000000 0.000000 0.000000 0.000000 0.000000 0.000000 0.000000
0.000000 0.000000 0.000000 0.000000 0.000000 0.000000 0.000000 0.000000 0.000000 0.000000 0.000000 1.000000 0.000000 0.000000 0.000000 0.000000 0.000000 0.000000 0.000000 0.000000
0.000000 0.000000 0.000000 0.000000 0.000000 0.000000 0.000000 0.000000 0.000000 1.000000 0.000000 0.000000 0.000000 0.000000 0.000000 0.000000 0.000000 0.000000 0.000000 0.000000
0.000000 0.000000 0.000000 1.000000 0.000000 0.000000 0.000000 0.000000 0.000000 0.000000 0.000000 0.000000 0.000000 0.000000 0.000000 0.000000 0.000000 0.000000 0.000000 0.000000
0.000000 0.000000 0.000000 0.000000 0.000000 0.000000 0.000000 0.000000 0.000000 0.000000 0.000000 0.000000 0.000000 1.000000 0.000000 0.000000 0.000000 0.000000 0.000000 0.000000
0.000000 0.000000 0.000000 0.000000 0.000000 0.000000 0.000000 0.000000 0.000000 1.000000 0.000000 0.000000 0.000000 0.000000 0.000000 0.000000 0.000000 0.000000 0.000000 0.000000
0.000000 0.000000 0.000000 0.000000 0.000000 0.000000 0.000000 0.000000 0.000000 0.000000 0.000000 0.000000 0.000000 0.000000 0.000000 0.000000 1.000000 0.000000 0.000000 0.000000
1.000000 0.000000 0.000000 0.000000 0.000000 0.000000 0.000000 0.000000 0.000000 0.000000 0.000000 0.000000 0.000000 0.000000 0.000000 0.000000 0.000000 0.000000 0.000000 0.000000
0.000000 0.000000 0.000000 0.000000 0.000000 1.000000 0.000000 0.000000 0.000000 0.000000 0.000000 0.000000 0.000000 0.000000 0.000000 0.000000 0.000000 0.000000 0.000000 0.000000
0.000000 0.000000 0.000000 0.000000 0.000000 0.000000 0.000000 1.000000 0.000000 0.000000 0.000000 0.000000 0.000000 0.000000 0.000000 0.000000 0.000000 0.000000 0.000000 0.000000
0.000000 0.000000 0.000000 0.000000 0.000000 1.000000 0.000000 0.000000 0.000000 0.000000 0.000000 0.000000 0.000000 0.000000 0.000000 0.000000 0.000000 0.000000 0.000000 0.000000
0.000000 0.000000 0.000000 0.000000 0.000000 0.000000 0.000000 0.000000 0.000000 0.000000 0.000000 0.000000 0.000000 0.000000 0.000000 0.000000 1.000000 0.000000 0.000000 0.000000
0.000000 0.000000 0.000000 0.000000 0.000000 0.000000 0.000000 0.000000 0.000000 0.000000 0.000000 0.000000 0.000000 0.000000 0.000000 0.000000 1.000000 0.000000 0.000000 0.000000
0.000000 0.000000 0.000000 0.000000 0.000000 0.000000 0.000000 0.000000 0.000000 0.000000 0.000000 0.000000 0.000000 0.000000 0.000000 0.000000 0.000000 1.000000 0.000000 0.000000
0.000000 0.000000 0.000000 0.000000 0.000000 0.000000 0.000000 0.000000 0.000000 0.000000 0.000000 0.000000 0.000000 0.000000 0.000000 0.000000 0.000000 1.000000 0.000000 0.000000
0.000000 0.000000 0.000000 0.000000 0.000000 0.000000 0.000000 0.000000 0.000000 0.000000 0.000000 1.000000 0.000000 0.000000 0.000000 0.000000 0.000000 0.000000 0.000000 0.000000
0.000000 0.000000 0.000000 0.000000 0.000000 0.000000 0.000000 0.000000 0.000000 0.000000 0.000000 0.000000 0.000000 0.000000 0.000000 1.000000 0.000000 0.000000 0.000000 0.000000
0.000000 0.000000 0.000000 0.000000 0.000000 0.000000 0.000000 0.000000 0.000000 0.000000 0.000000 0.000000 0.000000 0.000000 0.000000 0.000000 1.000000 0.000000 0.000000 0.000000
0.000000 0.000000 0.000000 0.000000 1.000000 0.000000 0.000000 0.000000 0.000000 0.000000 0.000000 0.000000 0.000000 0.000000 0.000000 0.000000 0.000000 0.000000 0.000000 0.000000
0.000000 0.000000 0.000000 0.000000 0.000000 0.000000 0.000000 0.000000 0.000000 0.000000 0.000000 0.000000 0.000000 0.000000 0.000000 1.000000 0.000000 0.000000 0.000000 0.000000
0.000000 0.000000 0.000000 0.000000 0.000000 0.000000 0.000000 1.000000 0.000000 0.000000 0.000000 0.000000 0.000000 0.000000 0.000000 0.000000 0.000000 0.000000 0.000000 0.000000
0.000000 0.000000 0.000000 0.000000 0.000000 0.000000 0.000000 0.000000 0.000000 0.000000 0.000000 0.000000 0.000000 0.000000 0.000000 0.000000 0.000000 1.000000 0.000000 0.000000
0.000000 0.000000 0.000000 0.000000 0.000000 0.000000 0.000000 0.000000 0.000000 1.000000 0.000000 0.000000 0.000000 0.000000 0.000000 0.000000 0.000000 0.000000 0.000000 0.000000
0.000000 0.000000 0.000000 0.000000 0.000000 1.000000 0.000000 0.000000 0.000000 0.000000 0.000000 0.000000 0.000000 0.000000 0.000000 0.000000 0.000000 0.000000 0.000000 0.000000
0.000000 0.000000 0.000000 0.000000 0.000000 0.000000 0.000000 0.000000 0.000000 0.000000 0.000000 1.000000 0.000000 0.000000 0.000000 0.000000 0.000000 0.000000 0.000000 0.000000
0.000000 0.000000 0.000000 0.000000 0.000000 0.000000 0.000000 0.000000 1.000000 0.000000 0.000000 0.000000 0.000000 0.000000 0.000000 0.000000 0.000000 0.000000 0.000000 0.000000
0.000000 0.000000 0.000000 0.000000 0.000000 1.000000 0.000000 0.000000 0.000000 0.000000 0.000000 0.000000 0.000000 0.000000 0.000000 0.000000 0.000000 0.000000 0.000000 0.000000
0.000000 0.000000 0.000000 0.000000 0.000000 0.000000 0.000000 0.000000 0.000000 0.000000 0.000000 0.000000 0.000000 0.000000 0.000000 0.000000 0.000000 0.000000 0.000000 1.000000
0.000000 0.000000 0.000000 0.000000 0.000000 0.000000 0.000000 1.000000 0.000000 0.000000 0.000000 0.000000 0.000000 0.000000 0.000000 0.000000 0.000000 0.000000 0.000000 0.000000
0.000000 1.000000 0.000000 0.000000 0.000000 0.000000 0.000000 0.000000 0.000000 0.000000 0.000000 0.000000 0.000000 0.000000 0.000000 0.000000 0.000000 0.000000 0.000000 0.000000
0.000000 0.000000 0.000000 0.000000 0.000000 0.000000 0.000000 0.000000 0.000000 0.000000 0.000000 0.000000 0.000000 0.000000 0.000000 0.000000 1.000000 0.000000 0.000000 0.000000
0.000000 0.000000 0.000000 0.000000 0.000000 0.000000 0.000000 0.000000 0.000000 0.000000 0.000000 0.000000 0.000000 0.000000 0.000000 0.000000 0.000000 1.000000 0.000000 0.000000
0.000000 0.000000 0.000000 0.000000 0.000000 0.000000 0.000000 0.000000 0.000000 0.000000 0.000000 0.000000 0.000000 0.000000 0.000000 0.000000 1.000000 0.000000 0.000000 0.000000
0.000000 0.000000 0.000000 0.000000 0.000000 0.000000 0.000000 0.000000 0.000000 0.000000 0.000000 0.000000 0.000000 0.000000 0.000000 0.000000 0.000000 1.000000 0.000000 0.000000
0.000000 0.000000 0.000000 1.000000 0.000000 0.000000 0.000000 0.000000 0.000000 0.000000 0.000000 0.000000 0.000000 0.000000 0.000000 0.000000 0.000000 0.000000 0.000000 0.000000
0.000000 1.000000 0.000000 0.000000 0.000000 0.000000 0.000000 0.000000 0.000000 0.000000 0.000000 0.000000 0.000000 0.000000 0.000000 0.000000 0.000000 0.000000 0.000000 0.000000
0.000000 0.000000 0.000000 0.000000 0.000000 0.000000 0.000000 0.000000 0.000000 0.000000 1.000000 0.000000 0.000000 0.000000 0.000000 0.000000 0.000000 0.000000 0.000000 0.000000
0.000000 0.000000 0.000000 0.000000 0.000000 0.000000 0.000000 0.000000 0.000000 0.000000 0.000000 0.000000 0.000000 0.000000 1.000000 0.000000 0.000000 0.000000 0.000000 0.000000
0.000000 0.000000 0.000000 0.000000 0.000000 0.000000 0.000000 0.000000 0.000000 0.000000 0.000000 1.000000 0.000000 0.000000 0.000000 0.000000 0.000000 0.000000 0.000000 0.000000
0.000000 1.000000 0.000000 0.000000 0.000000 0.000000 0.000000 0.000000 0.000000 0.000000 0.000000 0.000000 0.000000 0.000000 0.000000 0.000000 0.000000 0.000000 0.000000 0.000000