MEME version 4.11.1

ALPHABET= ACDEFGHIKLMNPQRSTVWY

Background letter frequencies (from unknown source):
A 0.047 C 0.032 D 0.081 E 0.052 F 0.019 G 0.068 H 0.057 I 0.062 K 0.088
L 0.106 M 0.031 N 0.045 P 0.035 Q 0.043 R 0.018 S 0.067 T 0.090 V 0.052
W 0.001 Y 0.004

MOTIF 1

log-odds matrix: alength= 20 w= 25 E= 1.2e-217
  -239   -736    267    298   -529   -417   -483   -532   -325   -529   -475   -298   -355   -184   -243   -348   -432   -409   -233   -241
  -265   -455    340      0   -312   -375   -387   -424   -442   -464   -419    -87   -410   -343   -234   -319   -439   -357     -3    -83
  -474   -567   -715   -610   -237   -609   -666   -312   -670    319   -262   -622   -531   -539   -412   -599   -591   -335    -85   -200
  -332   -562   -520   -305   -461   -455   -391   -492    277   -464   -419   -321   -435    290     55   -379   -432   -416    -63   -142
  -276   -404   -528   -441   -176   -505   -587    338   -485     59   -152   -418   -451   -442   -307   -404   -374    142    -13    -66
  -240   -748    133    380   -532   -429   -491   -527   -327   -528   -473   -323   -358   -183   -246   -358   -437   -407   -234   -249
  -386   -579   -694   -686   -555   -527   -728   -741   -738   -725   -706   -571   -548   -654   -489    387   -476   -615   -229   -356
  -400   -444   -609   -535    562   -545   -581   -382   -619   -317   -368   -528   -461   -557   -405   -453   -584   -366     99    118
  -347   -500   -687   -613   -395   -583   -701   -231   -693   -430   -449   -616   -541   -632   -455   -567   -512    422   -204   -296
  -448   -592   -685   -667   -532   -569   -708   -619   -692   -685   -611   -532   -556   -607   -460   -389    345   -533   -211   -350
   310   -345   -629   -556   -445   -303   -652   -567   -656   -586   -512   -454   -388   -501   -387    305   -361   -361   -165   -289
  -409   -496   -817   -677   -136   -696   -717    299   -742    212   -174   -674   -587   -564   -487   -652   -530   -163    -33   -154
  -279   -471    340   -112   -337   -374   -404   -454   -455   -491   -449   -106   -421   -363   -253    -47   -447   -384    -29   -105
  -266   -510   -255   -255   -421   -305   -364   -533    209   -516   -472     63   -378   -240    -41    280   -372   -441    -99   -123
  -233   -756    217    343   -535   -421   -485   -527   -319   -524   -469   -311   -350   -176   -239   -349   -430   -403   -240   -245
  -395   -488   -801   -652   -126   -672   -690   -163   -714    195    280   -648   -570   -544   -460   -615   -515    267    -19   -140
   231   -362   -399   -415   -434   -291   -527   -567   -524   -583   -515    230   -379   -425   -329    288   -350   -375   -157   -234
   119   -458   -355   -184   -315   -351   -327   -381    207   -376    319   -225   -323     56     63    -17   -317   -300      6    -50
  -308   -541   -524   -287   -445   -439     87   -461    216   -434   -387   -299   -414   -167    456   -355   -404   -387    -38   -118
  -340   -441   -644   -482    -94   -569   -562     69   -545    297   -111   -513   -437   -407   -291   -482   -453   -171     34    -80
   309   -345   -550   -465   -434   -298   -607   -553   -556   -571   -499   -404   -381    314   -332    139   -355   -356   -154   -265
  -289   -545   -471   -458   -463    382   -579   -602   -524   -636   -559   -376   -466   -509   -304   -390   -557   -506    -99   -239
  -289   -545   -471   -458   -463    382   -579   -602   -524   -636   -559   -376   -466   -509   -304   -390   -557   -506    -99   -239
  -315   -420   -609   -447    -90   -537   -533   -145   -510    303   -100   -480   -407   -378   -257   -446   -429      2     46    -64
   177   -391   -416   -392   -384    345   -521   -499   -463   -148   -458   -306   -376   -428   -241   -246   -400   -368    -45   -176


letter-probability matrix: alength= 20 w= 25 nsites= 17 E= 1.2e-217
0.000000 0.000000 0.588235 0.411765 0.000000 0.000000 0.000000 0.000000 0.000000 0.000000 0.000000 0.000000 0.000000 0.000000 0.000000 0.000000 0.000000 0.000000 0.000000 0.000000
0.000000 0.000000 0.882353 0.117647 0.000000 0.000000 0.000000 0.000000 0.000000 0.000000 0.000000 0.000000 0.000000 0.000000 0.000000 0.000000 0.000000 0.000000 0.000000 0.000000
0.000000 0.000000 0.000000 0.000000 0.000000 0.000000 0.000000 0.000000 0.000000 1.000000 0.000000 0.000000 0.000000 0.000000 0.000000 0.000000 0.000000 0.000000 0.000000 0.000000
0.000000 0.000000 0.000000 0.000000 0.000000 0.000000 0.000000 0.000000 0.647059 0.000000 0.000000 0.000000 0.000000 0.352941 0.000000 0.000000 0.000000 0.000000 0.000000 0.000000
0.000000 0.000000 0.000000 0.000000 0.000000 0.000000 0.000000 0.647059 0.000000 0.235294 0.000000 0.000000 0.000000 0.000000 0.000000 0.000000 0.000000 0.117647 0.000000 0.000000
0.000000 0.000000 0.235294 0.764706 0.000000 0.000000 0.000000 0.000000 0.000000 0.000000 0.000000 0.000000 0.000000 0.000000 0.000000 0.000000 0.000000 0.000000 0.000000 0.000000
0.000000 0.000000 0.000000 0.000000 0.000000 0.000000 0.000000 0.000000 0.000000 0.000000 0.000000 0.000000 0.000000 0.000000 0.000000 1.000000 0.000000 0.000000 0.000000 0.000000
0.000000 0.000000 0.000000 0.000000 1.000000 0.000000 0.000000 0.000000 0.000000 0.000000 0.000000 0.000000 0.000000 0.000000 0.000000 0.000000 0.000000 0.000000 0.000000 0.000000
0.000000 0.000000 0.000000 0.000000 0.000000 0.000000 0.000000 0.000000 0.000000 0.000000 0.000000 0.000000 0.000000 0.000000 0.000000 0.000000 0.000000 1.000000 0.000000 0.000000
0.000000 0.000000 0.000000 0.000000 0.000000 0.000000 0.000000 0.000000 0.000000 0.000000 0.000000 0.000000 0.000000 0.000000 0.000000 0.000000 1.000000 0.000000 0.000000 0.000000
0.411765 0.000000 0.000000 0.000000 0.000000 0.000000 0.000000 0.000000 0.000000 0.000000 0.000000 0.000000 0.000000 0.000000 0.000000 0.588235 0.000000 0.000000 0.000000 0.000000
0.000000 0.000000 0.000000 0.000000 0.000000 0.000000 0.000000 0.529412 0.000000 0.470588 0.000000 0.000000 0.000000 0.000000 0.000000 0.000000 0.000000 0.000000 0.000000 0.000000
0.000000 0.000000 0.882353 0.000000 0.000000 0.000000 0.000000 0.000000 0.000000 0.000000 0.000000 0.000000 0.000000 0.000000 0.000000 0.117647 0.000000 0.000000 0.000000 0.000000
0.000000 0.000000 0.000000 0.000000 0.000000 0.000000 0.000000 0.000000 0.411765 0.000000 0.000000 0.058824 0.000000 0.000000 0.000000 0.529412 0.000000 0.000000 0.000000 0.000000
0.000000 0.000000 0.411765 0.588235 0.000000 0.000000 0.000000 0.000000 0.000000 0.000000 0.000000 0.000000 0.000000 0.000000 0.000000 0.000000 0.000000 0.000000 0.000000 0.000000
0.000000 0.000000 0.000000 0.000000 0.000000 0.000000 0.000000 0.000000 0.000000 0.411765 0.235294 0.000000 0.000000 0.000000 0.000000 0.000000 0.000000 0.352941 0.000000 0.000000
0.235294 0.000000 0.000000 0.000000 0.000000 0.000000 0.000000 0.000000 0.000000 0.000000 0.000000 0.235294 0.000000 0.000000 0.000000 0.529412 0.000000 0.000000 0.000000 0.000000
0.117647 0.000000 0.000000 0.000000 0.000000 0.000000 0.000000 0.000000 0.411765 0.000000 0.352941 0.000000 0.000000 0.058824 0.000000 0.058824 0.000000 0.000000 0.000000 0.000000
0.000000 0.000000 0.000000 0.000000 0.000000 0.000000 0.117647 0.000000 0.411765 0.000000 0.000000 0.000000 0.000000 0.000000 0.470588 0.000000 0.000000 0.000000 0.000000 0.000000
0.000000 0.000000 0.000000 0.000000 0.000000 0.000000 0.000000 0.117647 0.000000 0.882353 0.000000 0.000000 0.000000 0.000000 0.000000 0.000000 0.000000 0.000000 0.000000 0.000000
0.411765 0.000000 0.000000 0.000000 0.000000 0.000000 0.000000 0.000000 0.000000 0.000000 0.000000 0.000000 0.000000 0.411765 0.000000 0.176471 0.000000 0.000000 0.000000 0.000000
0.000000 0.000000 0.000000 0.000000 0.000000 1.000000 0.000000 0.000000 0.000000 0.000000 0.000000 0.000000 0.000000 0.000000 0.000000 0.000000 0.000000 0.000000 0.000000 0.000000
0.000000 0.000000 0.000000 0.000000 0.000000 1.000000 0.000000 0.000000 0.000000 0.000000 0.000000 0.000000 0.000000 0.000000 0.000000 0.000000 0.000000 0.000000 0.000000 0.000000
0.000000 0.000000 0.000000 0.000000 0.000000 0.000000 0.000000 0.000000 0.000000 0.941176 0.000000 0.000000 0.000000 0.000000 0.000000 0.000000 0.000000 0.058824 0.000000 0.000000
0.235294 0.000000 0.000000 0.000000 0.000000 0.705882 0.000000 0.000000 0.000000 0.058824 0.000000 0.000000 0.000000 0.000000 0.000000 0.000000 0.000000 0.000000 0.000000 0.000000