MEME version 4.11.1

ALPHABET= ACDEFGHIKLMNPQRSTVWY

Background letter frequencies (from unknown source):
A 0.066 C 0.063 D 0.052 E 0.070 F 0.033 G 0.067 H 0.013 I 0.049 K 0.063
L 0.088 M 0.035 N 0.050 P 0.032 Q 0.032 R 0.016 S 0.098 T 0.089 V 0.064
W 0.012 Y 0.010

MOTIF 13

log-odds matrix: alength= 20 w= 25 E= 5.0e-004
  -363   -498   -475   -486   -286   -469   -324   -186   -436   -161    468   -454   -401   -379   -285   -462   -432   -260   -273   -124
  -413   -703   -180    376   -533   -474   -322   -477   -450   -558   -551   -388   -484   -275   -305   -515   -530   -501   -515   -355
  -278   -460   -137   -308   -299   -271     19   -273   -252   -363   -348    406   -271   -177   -105   -190   -270   -324   -273   -116
  -183   -420   -185   -114   -208   -288    430   -271   -147   -230   -198    -92   -193    387     80   -230   -256   -262   -191     67
  -106   -379    308    -26   -232   -164    -13   -200   -117   -255   -240    -10   -144    -55     20    -73     98   -175   -230    -36
  -191   -367   -368   -356    -65   -373   -204    312   -315    183    -32   -322   -286   -237   -131   -333   -256     78   -202    -33
  -413   -703   -180    376   -533   -474   -322   -477   -450   -558   -551   -388   -484   -275   -305   -515   -530   -501   -515   -355
  -220   -391   -385   -342    -48   -376   -181     11   -308    310    -15   -345   -259   -207   -100   -351   -292    -70   -187    -32
  -220   -391   -385   -342    -48   -376   -181     11   -308    310    -15   -345   -259   -207   -100   -351   -292    -70   -187    -32
   342   -227   -255   -237   -210   -110   -156   -174   -241   -217   -211   -239   -193   -187    -65    -82   -185    -76   -245    -90
  -239   -409   -184   -238   -129   -279    576   -295   -234   -252   -248    -60   -221     20     52   -237   -272   -277   -158    166
  -220   -391   -385   -342    -48   -376   -181     11   -308    310    -15   -345   -259   -207   -100   -351   -292    -70   -187    -32
  -239   -409   -184   -238   -129   -279    576   -295   -234   -252   -248    -60   -221     20     52   -237   -272   -277   -158    166
   342   -227   -255   -237   -210   -110   -156   -174   -241   -217   -211   -239   -193   -187    -65    -82   -185    -76   -245    -90
  -220   -391   -385   -342    -48   -376   -181     11   -308    310    -15   -345   -259   -207   -100   -351   -292    -70   -187    -32
   -92   -423   -232   -233   -264   -249   -129   -258   -213   -258   -303   -252    459   -151    -50   -202   -244   -237   -317   -141
  -413   -703   -180    376   -533   -474   -322   -477   -450   -558   -551   -388   -484   -275   -305   -515   -530   -501   -515   -355
  -102   -318   -226   -252   -222   -244   -120   -140   -199   -237   -195   -127   -191   -144    -32      4    291   -127   -250    -85
  -271   -516    402    -85   -353   -317   -138   -355   -332   -400   -400    -72   -341   -247   -165   -324   -386   -352   -342   -159
   -92   -423   -232   -233   -264   -249   -129   -258   -213   -258   -303   -252    459   -151    -50   -202   -244   -237   -317   -141
   -67   -307   -316   -305   -169   -321   -170    103   -297   -111   -160   -312   -234   -252    -99   -303   -190    343   -280   -107
  -137   -448    264    -98   -309    275    -75   -319   -196   -358   -339    -54   -216   -145    -47   -198   -277   -295   -274   -103
  -108   -309   -312   -310    362   -310    -99     75   -287    -25    -95   -278   -229   -219   -100   -269   -220    192    -58    184
  -271   -516    402    -85   -353   -317   -138   -355   -332   -400   -400    -72   -341   -247   -165   -324   -386   -352   -342   -159
  -145   -462   -223   -308   -363    369   -191   -375   -288   -427   -387   -203   -283   -279   -103   -254   -361   -344   -306   -175


letter-probability matrix: alength= 20 w= 25 nsites= 2 E= 5.0e-004
0.000000 0.000000 0.000000 0.000000 0.000000 0.000000 0.000000 0.000000 0.000000 0.000000 1.000000 0.000000 0.000000 0.000000 0.000000 0.000000 0.000000 0.000000 0.000000 0.000000
0.000000 0.000000 0.000000 1.000000 0.000000 0.000000 0.000000 0.000000 0.000000 0.000000 0.000000 0.000000 0.000000 0.000000 0.000000 0.000000 0.000000 0.000000 0.000000 0.000000
0.000000 0.000000 0.000000 0.000000 0.000000 0.000000 0.000000 0.000000 0.000000 0.000000 0.000000 1.000000 0.000000 0.000000 0.000000 0.000000 0.000000 0.000000 0.000000 0.000000
0.000000 0.000000 0.000000 0.000000 0.000000 0.000000 0.500000 0.000000 0.000000 0.000000 0.000000 0.000000 0.000000 0.500000 0.000000 0.000000 0.000000 0.000000 0.000000 0.000000
0.000000 0.000000 0.500000 0.000000 0.000000 0.000000 0.000000 0.000000 0.000000 0.000000 0.000000 0.000000 0.000000 0.000000 0.000000 0.000000 0.500000 0.000000 0.000000 0.000000
0.000000 0.000000 0.000000 0.000000 0.000000 0.000000 0.000000 0.500000 0.000000 0.500000 0.000000 0.000000 0.000000 0.000000 0.000000 0.000000 0.000000 0.000000 0.000000 0.000000
0.000000 0.000000 0.000000 1.000000 0.000000 0.000000 0.000000 0.000000 0.000000 0.000000 0.000000 0.000000 0.000000 0.000000 0.000000 0.000000 0.000000 0.000000 0.000000 0.000000
0.000000 0.000000 0.000000 0.000000 0.000000 0.000000 0.000000 0.000000 0.000000 1.000000 0.000000 0.000000 0.000000 0.000000 0.000000 0.000000 0.000000 0.000000 0.000000 0.000000
0.000000 0.000000 0.000000 0.000000 0.000000 0.000000 0.000000 0.000000 0.000000 1.000000 0.000000 0.000000 0.000000 0.000000 0.000000 0.000000 0.000000 0.000000 0.000000 0.000000
1.000000 0.000000 0.000000 0.000000 0.000000 0.000000 0.000000 0.000000 0.000000 0.000000 0.000000 0.000000 0.000000 0.000000 0.000000 0.000000 0.000000 0.000000 0.000000 0.000000
0.000000 0.000000 0.000000 0.000000 0.000000 0.000000 1.000000 0.000000 0.000000 0.000000 0.000000 0.000000 0.000000 0.000000 0.000000 0.000000 0.000000 0.000000 0.000000 0.000000
0.000000 0.000000 0.000000 0.000000 0.000000 0.000000 0.000000 0.000000 0.000000 1.000000 0.000000 0.000000 0.000000 0.000000 0.000000 0.000000 0.000000 0.000000 0.000000 0.000000
0.000000 0.000000 0.000000 0.000000 0.000000 0.000000 1.000000 0.000000 0.000000 0.000000 0.000000 0.000000 0.000000 0.000000 0.000000 0.000000 0.000000 0.000000 0.000000 0.000000
1.000000 0.000000 0.000000 0.000000 0.000000 0.000000 0.000000 0.000000 0.000000 0.000000 0.000000 0.000000 0.000000 0.000000 0.000000 0.000000 0.000000 0.000000 0.000000 0.000000
0.000000 0.000000 0.000000 0.000000 0.000000 0.000000 0.000000 0.000000 0.000000 1.000000 0.000000 0.000000 0.000000 0.000000 0.000000 0.000000 0.000000 0.000000 0.000000 0.000000
0.000000 0.000000 0.000000 0.000000 0.000000 0.000000 0.000000 0.000000 0.000000 0.000000 0.000000 0.000000 1.000000 0.000000 0.000000 0.000000 0.000000 0.000000 0.000000 0.000000
0.000000 0.000000 0.000000 1.000000 0.000000 0.000000 0.000000 0.000000 0.000000 0.000000 0.000000 0.000000 0.000000 0.000000 0.000000 0.000000 0.000000 0.000000 0.000000 0.000000
0.000000 0.000000 0.000000 0.000000 0.000000 0.000000 0.000000 0.000000 0.000000 0.000000 0.000000 0.000000 0.000000 0.000000 0.000000 0.000000 1.000000 0.000000 0.000000 0.000000
0.000000 0.000000 1.000000 0.000000 0.000000 0.000000 0.000000 0.000000 0.000000 0.000000 0.000000 0.000000 0.000000 0.000000 0.000000 0.000000 0.000000 0.000000 0.000000 0.000000
0.000000 0.000000 0.000000 0.000000 0.000000 0.000000 0.000000 0.000000 0.000000 0.000000 0.000000 0.000000 1.000000 0.000000 0.000000 0.000000 0.000000 0.000000 0.000000 0.000000
0.000000 0.000000 0.000000 0.000000 0.000000 0.000000 0.000000 0.000000 0.000000 0.000000 0.000000 0.000000 0.000000 0.000000 0.000000 0.000000 0.000000 1.000000 0.000000 0.000000
0.000000 0.000000 0.500000 0.000000 0.000000 0.500000 0.000000 0.000000 0.000000 0.000000 0.000000 0.000000 0.000000 0.000000 0.000000 0.000000 0.000000 0.000000 0.000000 0.000000
0.000000 0.000000 0.000000 0.000000 0.500000 0.000000 0.000000 0.000000 0.000000 0.000000 0.000000 0.000000 0.000000 0.000000 0.000000 0.000000 0.000000 0.500000 0.000000 0.000000
0.000000 0.000000 1.000000 0.000000 0.000000 0.000000 0.000000 0.000000 0.000000 0.000000 0.000000 0.000000 0.000000 0.000000 0.000000 0.000000 0.000000 0.000000 0.000000 0.000000
0.000000 0.000000 0.000000 0.000000 0.000000 1.000000 0.000000 0.000000 0.000000 0.000000 0.000000 0.000000 0.000000 0.000000 0.000000 0.000000 0.000000 0.000000 0.000000 0.000000