MEME version 4.11.1

ALPHABET= ACDEFGHIKLMNPQRSTVWY

Background letter frequencies (from unknown source):
A 0.089 C 0.051 D 0.056 E 0.067 F 0.026 G 0.080 H 0.013 I 0.047 K 0.051
L 0.093 M 0.034 N 0.042 P 0.035 Q 0.030 R 0.026 S 0.089 T 0.084 V 0.060
W 0.013 Y 0.013

MOTIF 4

log-odds matrix: alength= 20 w= 15 E= 1.6e-082
  -135   -412   -525   -135    289   -458   -269    213   -397    158    -14    -69   -401   -337   -303   -376    -58     61   -324    108
  -122   -538    -75    156   -324    -65    108      5     76    -85   -326    124   -289    267     41    -11   -130   -319   -385   -187
  -123   -540   -235    293   -325   -356    108   -348     34   -364    -42    -34     47     27     41   -248    -58     29   -387   -189
  -166   -591   -769   -725   -340   -734   -573    131   -677    198     65   -668   -648   -606   -593   -675   -534    282   -563   -416
  -251   -376   -369    -71   -322   -392   -260   -374    -73   -421   -372   -197   -112   -306    -54    298     57   -403   -391   -236
  -152   -758    275    194   -532   -489   -289   -501   -276     88   -492     31   -405     10   -289   -410   -158   -116   -592   -384
   -12   -558     86    252   -343   -368   -134   -364     74   -380   -344     39   -303    142     36     23   -134   -335   -405   -206
   -17   -905    100    324   -653   -536   -357   -563      8   -582   -556     28   -435      7   -365   -473   -500   -119   -702   -480
  -441   -523   -576   -177     -7   -588   -346     54   -451    297    177   -494   -432   -349   -329   -509   -451   -233   -377   -257
   -11   -542    220    186   -328   -357   -120   -350     76   -166    -42     39   -292     96   -107    -57    -58   -322   -389   -191
    51   -538   -235    119   -324   -146   -117   -346    109    -33     48    -34   -289    297   -103     23   -130   -318   -385   -187
  -166   -474   -212   -445   -221   -499   -340    365   -374     37     -8   -379   -428   -360   -325   -410   -350    151   -374   -198
    54   -415   -506   -441   -201    -67   -264    213   -382     28   -220    -68   -398    169   -294     73   -318    163   -326   -169
  -391   -633   -430   -505    -31    356   -387   -574   -458   -640   -583   -379   -496   -474   -371   -442   -564   -541   -506   -404
   146   -556   -108   -140   -512    287   -332   -107   -418   -607   -557   -291   -449   -395   -355    -32   -459   -485   -520   -395


letter-probability matrix: alength= 20 w= 15 nsites= 37 E= 1.6e-082
0.027027 0.000000 0.000000 0.027027 0.216216 0.000000 0.000000 0.216216 0.000000 0.297297 0.027027 0.027027 0.000000 0.000000 0.000000 0.000000 0.054054 0.081081 0.000000 0.027027
0.027027 0.000000 0.027027 0.216216 0.000000 0.054054 0.027027 0.054054 0.081081 0.054054 0.000000 0.108108 0.000000 0.216216 0.027027 0.081081 0.027027 0.000000 0.000000 0.000000
0.027027 0.000000 0.000000 0.594595 0.000000 0.000000 0.027027 0.000000 0.054054 0.000000 0.027027 0.027027 0.054054 0.027027 0.027027 0.000000 0.054054 0.081081 0.000000 0.000000
0.027027 0.000000 0.000000 0.000000 0.000000 0.000000 0.000000 0.108108 0.000000 0.378378 0.054054 0.000000 0.000000 0.000000 0.000000 0.000000 0.000000 0.432432 0.000000 0.000000
0.000000 0.000000 0.000000 0.081081 0.000000 0.000000 0.000000 0.000000 0.054054 0.000000 0.000000 0.000000 0.027027 0.000000 0.027027 0.702703 0.108108 0.000000 0.000000 0.000000
0.027027 0.000000 0.405405 0.243243 0.000000 0.000000 0.000000 0.000000 0.000000 0.189189 0.000000 0.054054 0.000000 0.027027 0.000000 0.000000 0.027027 0.027027 0.000000 0.000000
0.081081 0.000000 0.108108 0.432432 0.000000 0.000000 0.000000 0.000000 0.081081 0.000000 0.000000 0.054054 0.000000 0.081081 0.027027 0.108108 0.027027 0.000000 0.000000 0.000000
0.081081 0.000000 0.108108 0.648649 0.000000 0.000000 0.000000 0.000000 0.054054 0.000000 0.000000 0.054054 0.000000 0.027027 0.000000 0.000000 0.000000 0.027027 0.000000 0.000000
0.000000 0.000000 0.000000 0.027027 0.027027 0.000000 0.000000 0.081081 0.000000 0.702703 0.162162 0.000000 0.000000 0.000000 0.000000 0.000000 0.000000 0.000000 0.000000 0.000000
0.081081 0.000000 0.297297 0.270270 0.000000 0.000000 0.000000 0.000000 0.081081 0.027027 0.027027 0.054054 0.000000 0.054054 0.000000 0.054054 0.054054 0.000000 0.000000 0.000000
0.135135 0.000000 0.000000 0.162162 0.000000 0.027027 0.000000 0.000000 0.108108 0.081081 0.054054 0.027027 0.000000 0.270270 0.000000 0.108108 0.027027 0.000000 0.000000 0.000000
0.054054 0.000000 0.027027 0.000000 0.000000 0.000000 0.000000 0.459459 0.000000 0.189189 0.054054 0.000000 0.000000 0.000000 0.000000 0.000000 0.000000 0.216216 0.000000 0.000000
0.135135 0.000000 0.000000 0.000000 0.000000 0.054054 0.000000 0.216216 0.000000 0.108108 0.000000 0.027027 0.000000 0.108108 0.000000 0.162162 0.000000 0.189189 0.000000 0.000000
0.000000 0.000000 0.000000 0.000000 0.027027 0.972973 0.000000 0.000000 0.000000 0.000000 0.000000 0.000000 0.000000 0.000000 0.000000 0.000000 0.000000 0.000000 0.000000 0.000000
0.297297 0.000000 0.027027 0.027027 0.000000 0.540541 0.000000 0.027027 0.000000 0.000000 0.000000 0.000000 0.000000 0.000000 0.000000 0.081081 0.000000 0.000000 0.000000 0.000000