MEME version 4.11.1

ALPHABET= ACDEFGHIKLMNPQRSTVWY

Background letter frequencies (from unknown source):
A 0.098 C 0.060 D 0.058 E 0.084 F 0.023 G 0.084 H 0.019 I 0.045 K 0.030
L 0.088 M 0.024 N 0.034 P 0.049 Q 0.023 R 0.031 S 0.084 T 0.077 V 0.049
W 0.023 Y 0.016

MOTIF 2

log-odds matrix: alength= 20 w= 14 E= 3.8e-003
  -175   -427   -291   -295   -187   -318   -213   -199   -135   -211    280   -233    371   -132   -179   -210   -246   -178   -419   -211
   307   -271   -372   -376   -233   -204   -295   -251   -242   -297   -228   -273   -366   -236   -255   -113   -230   -109   -409   -254
   104   -302   -299   -354   -289    218   -261   -331   -217   -374   -290   -175   -284   -193   -238    184   -180   -198   -449   -272
  -241   -368   -354    -25    -58   -388   -236    311   -179    180    -10   -250   -346   -168   -211   -289   -228     79   -325   -118
  -326   -417   -507   -480    -30   -498   -330    272   -314    264      7   -380   -418   -254   -310   -417   -313      6   -349   -173
  -518   -718   -218    351   -507   -541   -408   -490   -426   -599   -535   -368   -606   -268   -462   -546   -557   -499   -633   -467
  -357   -449   -482   -449    -55   -481   -303    -51   -285    326     -6   -370   -387   -223   -268   -408   -345   -103   -358   -181
  -143   -373   -140   -154   -230   -223   -113   -275      0   -301   -229    -42   -260    352    -62    244   -107   -214   -397   -159
  -347   -522    387   -130   -314   -366   -198   -360   -252   -418   -361     44   -429   -223   -284   -313   -382   -331   -453   -249
  -216   -498    -67    259   -181   -327   -174   -163    -33    156   -156   -153   -287      1   -130   -243   -252   -154   -415   -177
  -308   -530    374     -5   -313   -364   -194   -342   -180   -393   -332    -34   -387   -135   -247   -300   -353    -61   -455   -246
  -250   -358   -470   -440    -19   -426   -277     55   -272    137    356   -321   -385   -230   -278   -340   -245    269   -317   -129
  -181   -500    -30    258   -304   -258   -136   -309    -15   -331   -261    -60   -260     22   -120    156   -218   -238   -469   -211
  -166   -380   -148   -160   -191   -246    233   -237     72   -260   -185    -25   -243     12    184    246    -35   -202   -354   -106


letter-probability matrix: alength= 20 w= 14 nsites= 5 E= 3.8e-003
0.000000 0.000000 0.000000 0.000000 0.000000 0.000000 0.000000 0.000000 0.000000 0.000000 0.400000 0.000000 0.600000 0.000000 0.000000 0.000000 0.000000 0.000000 0.000000 0.000000
1.000000 0.000000 0.000000 0.000000 0.000000 0.000000 0.000000 0.000000 0.000000 0.000000 0.000000 0.000000 0.000000 0.000000 0.000000 0.000000 0.000000 0.000000 0.000000 0.000000
0.200000 0.000000 0.000000 0.000000 0.000000 0.400000 0.000000 0.000000 0.000000 0.000000 0.000000 0.000000 0.000000 0.000000 0.000000 0.400000 0.000000 0.000000 0.000000 0.000000
0.000000 0.000000 0.000000 0.200000 0.000000 0.000000 0.000000 0.400000 0.000000 0.400000 0.000000 0.000000 0.000000 0.000000 0.000000 0.000000 0.000000 0.000000 0.000000 0.000000
0.000000 0.000000 0.000000 0.000000 0.000000 0.000000 0.000000 0.400000 0.000000 0.600000 0.000000 0.000000 0.000000 0.000000 0.000000 0.000000 0.000000 0.000000 0.000000 0.000000
0.000000 0.000000 0.000000 1.000000 0.000000 0.000000 0.000000 0.000000 0.000000 0.000000 0.000000 0.000000 0.000000 0.000000 0.000000 0.000000 0.000000 0.000000 0.000000 0.000000
0.000000 0.000000 0.000000 0.000000 0.000000 0.000000 0.000000 0.000000 0.000000 1.000000 0.000000 0.000000 0.000000 0.000000 0.000000 0.000000 0.000000 0.000000 0.000000 0.000000
0.000000 0.000000 0.000000 0.000000 0.000000 0.000000 0.000000 0.000000 0.000000 0.000000 0.000000 0.000000 0.000000 0.400000 0.000000 0.600000 0.000000 0.000000 0.000000 0.000000
0.000000 0.000000 0.800000 0.000000 0.000000 0.000000 0.000000 0.000000 0.000000 0.000000 0.000000 0.200000 0.000000 0.000000 0.000000 0.000000 0.000000 0.000000 0.000000 0.000000
0.000000 0.000000 0.000000 0.600000 0.000000 0.000000 0.000000 0.000000 0.000000 0.400000 0.000000 0.000000 0.000000 0.000000 0.000000 0.000000 0.000000 0.000000 0.000000 0.000000
0.000000 0.000000 0.600000 0.200000 0.000000 0.000000 0.000000 0.000000 0.000000 0.000000 0.000000 0.000000 0.000000 0.000000 0.000000 0.000000 0.000000 0.200000 0.000000 0.000000
0.000000 0.000000 0.000000 0.000000 0.000000 0.000000 0.000000 0.000000 0.000000 0.200000 0.400000 0.000000 0.000000 0.000000 0.000000 0.000000 0.000000 0.400000 0.000000 0.000000
0.000000 0.000000 0.000000 0.600000 0.000000 0.000000 0.000000 0.000000 0.000000 0.000000 0.000000 0.000000 0.000000 0.000000 0.000000 0.400000 0.000000 0.000000 0.000000 0.000000
0.000000 0.000000 0.000000 0.000000 0.000000 0.000000 0.200000 0.000000 0.000000 0.000000 0.000000 0.000000 0.000000 0.000000 0.200000 0.600000 0.000000 0.000000 0.000000 0.000000