MEME version 4.11.2

ALPHABET= ACDEFGHIKLMNPQRSTVWY

Background letter frequencies (from unknown source):
A 0.074 C 0.049 D 0.067 E 0.072 F 0.012 G 0.074 H 0.002 I 0.070 K 0.049
L 0.088 M 0.023 N 0.039 P 0.044 Q 0.014 R 0.019 S 0.072 T 0.132 V 0.065
W 0.009 Y 0.026

MOTIF 1

log-odds matrix: alength= 20 w= 25 E= 7.9e-051
  -352   -451   -535   -462      9   -490    -33   -147   -391    332    -34   -426   -402   -187   -226   -421   -459   -179   -260   -279
  -408   -691   -203    370   -404   -490    -71   -535   -377   -558   -487   -355   -510     45   -321   -461   -578   -499   -502   -510
  -352   -451   -535   -462      9   -490    -33   -147   -391    332    -34   -426   -402   -187   -226   -421   -459   -179   -260   -279
  -227   -488   -321   -379   -277    362     -1   -496   -315   -497   -391   -232   -390   -226   -185   -273   -490   -416   -328   -377
  -354   -497   -496   -440   -339   -466    -18   -425    422   -462   -375   -321   -423   -204    103   -426   -493   -454   -348   -419
  -310   -414   -424   -397    380   -426    274   -322   -332   -251   -229   -290   -378   -159   -178   -311   -457   -293      6    481
  -211   -380   -447   -395      6   -358     17   -146   -316    295    -47   -324   -355   -146   -177    120   -374   -154   -243   -237
  -361   -682   -178    365   -390   -457    -32   -516    -71   -518   -447   -318   -456    -76   -235   -410   -530   -463   -487   -479
   245   -287   -435   -430   -233   -201    -43   -435   -390   -415   -327   -284   -306   -196   -239    278   -274   -264   -371   -397
  -332   -510    372   -130   -237   -381     74   -442   -358   -437   -378    -71   -437   -186   -235   -328   -494   -392   -340   -336
  -403   -475   -603   -571    -11   -552   -114   -162   -481     99    501   -493   -490   -288   -358   -491   -512   -212   -248   -281
  -303   -422   -477   -456    -14   -481    -75    321   -369    103    -42   -372   -442   -232   -268   -382   -395     53   -280   -266
   236   -327   -160    166   -168   -210    132   -348   -134   -316   -235   -142   -266     24    -67    155   -282   -223   -307   -280
  -317   -415   -522   -432     47   -489    -10     38   -363    315      7   -401   -380   -155   -199   -395   -420   -124   -231   -255
  -271   -415   -434   -464   -230   -404    -30   -355   -345   -416   -286   -241   -396   -190   -222   -113    275   -290   -356   -391
  -286   -516    355     57   -237   -357     93   -427   -274   -417   -353    -65   -389    -81   -199   -295   -453   -367   -344   -329
  -311   -498    366    -56   -223   -368     92   -424   -333   -420   -358    -53   -423   -156   -217   -309   -475   -373   -328   -321
  -222   -607    298    222   -302   -330     91   -438   -164   -403   -333   -124   -310     47   -152   -259   -398   -346   -417   -365
  -162   -343   -442   -408   -118   -423     -8    -48   -365   -210   -198   -377   -364   -236   -213   -356   -329    369   -354   -365
   151   -277   -222   -154     36   -232    209   -106    -86   -114    -51    118   -229     50      3    -95     65     83   -150    174
   -47   -446   -292   -348   -251    353     25   -463   -285   -469   -357   -201   -363   -196   -156   -230   -446   -376   -306   -353
    84   -399   -316   -367   -253    339      9   -463   -307   -463   -357   -219   -351   -200   -175   -201   -404   -350   -322   -367
  -192   -343   -429   -411    -64    272    -13    174   -341   -156   -134   -309   -388   -207   -219   -284   -344    123   -290   -272
  -214   -339   -376   -392   -131   -389     35     19   -265   -275   -171   -162   -345   -111   -148    -29    247   -140   -291   -318
  -141   -429   -317   -286   -165   -313     77   -354   -219   -302   -286   -269    416    -71   -118   -192   -104   -281   -344   -344


letter-probability matrix: alength= 20 w= 25 nsites= 7 E= 7.9e-051
0.000000 0.000000 0.000000 0.000000 0.000000 0.000000 0.000000 0.000000 0.000000 1.000000 0.000000 0.000000 0.000000 0.000000 0.000000 0.000000 0.000000 0.000000 0.000000 0.000000
0.000000 0.000000 0.000000 0.857143 0.000000 0.000000 0.000000 0.000000 0.000000 0.000000 0.000000 0.000000 0.000000 0.142857 0.000000 0.000000 0.000000 0.000000 0.000000 0.000000
0.000000 0.000000 0.000000 0.000000 0.000000 0.000000 0.000000 0.000000 0.000000 1.000000 0.000000 0.000000 0.000000 0.000000 0.000000 0.000000 0.000000 0.000000 0.000000 0.000000
0.000000 0.000000 0.000000 0.000000 0.000000 1.000000 0.000000 0.000000 0.000000 0.000000 0.000000 0.000000 0.000000 0.000000 0.000000 0.000000 0.000000 0.000000 0.000000 0.000000
0.000000 0.000000 0.000000 0.000000 0.000000 0.000000 0.000000 0.000000 1.000000 0.000000 0.000000 0.000000 0.000000 0.000000 0.000000 0.000000 0.000000 0.000000 0.000000 0.000000
0.000000 0.000000 0.000000 0.000000 0.142857 0.000000 0.000000 0.000000 0.000000 0.000000 0.000000 0.000000 0.000000 0.000000 0.000000 0.000000 0.000000 0.000000 0.000000 0.857143
0.000000 0.000000 0.000000 0.000000 0.000000 0.000000 0.000000 0.000000 0.000000 0.714286 0.000000 0.000000 0.000000 0.000000 0.000000 0.285714 0.000000 0.000000 0.000000 0.000000
0.000000 0.000000 0.000000 0.857143 0.000000 0.000000 0.000000 0.000000 0.142857 0.000000 0.000000 0.000000 0.000000 0.000000 0.000000 0.000000 0.000000 0.000000 0.000000 0.000000
0.428571 0.000000 0.000000 0.000000 0.000000 0.000000 0.000000 0.000000 0.000000 0.000000 0.000000 0.000000 0.000000 0.000000 0.000000 0.571429 0.000000 0.000000 0.000000 0.000000
0.000000 0.000000 1.000000 0.000000 0.000000 0.000000 0.000000 0.000000 0.000000 0.000000 0.000000 0.000000 0.000000 0.000000 0.000000 0.000000 0.000000 0.000000 0.000000 0.000000
0.000000 0.000000 0.000000 0.000000 0.000000 0.000000 0.000000 0.000000 0.000000 0.285714 0.714286 0.000000 0.000000 0.000000 0.000000 0.000000 0.000000 0.000000 0.000000 0.000000
0.000000 0.000000 0.000000 0.000000 0.000000 0.000000 0.000000 0.714286 0.000000 0.285714 0.000000 0.000000 0.000000 0.000000 0.000000 0.000000 0.000000 0.000000 0.000000 0.000000
0.428571 0.000000 0.000000 0.285714 0.000000 0.000000 0.000000 0.000000 0.000000 0.000000 0.000000 0.000000 0.000000 0.000000 0.000000 0.285714 0.000000 0.000000 0.000000 0.000000
0.000000 0.000000 0.000000 0.000000 0.000000 0.000000 0.000000 0.142857 0.000000 0.857143 0.000000 0.000000 0.000000 0.000000 0.000000 0.000000 0.000000 0.000000 0.000000 0.000000
0.000000 0.000000 0.000000 0.000000 0.000000 0.000000 0.000000 0.000000 0.000000 0.000000 0.000000 0.000000 0.000000 0.000000 0.000000 0.000000 1.000000 0.000000 0.000000 0.000000
0.000000 0.000000 0.714286 0.285714 0.000000 0.000000 0.000000 0.000000 0.000000 0.000000 0.000000 0.000000 0.000000 0.000000 0.000000 0.000000 0.000000 0.000000 0.000000 0.000000
0.000000 0.000000 0.857143 0.142857 0.000000 0.000000 0.000000 0.000000 0.000000 0.000000 0.000000 0.000000 0.000000 0.000000 0.000000 0.000000 0.000000 0.000000 0.000000 0.000000
0.000000 0.000000 0.571429 0.428571 0.000000 0.000000 0.000000 0.000000 0.000000 0.000000 0.000000 0.000000 0.000000 0.000000 0.000000 0.000000 0.000000 0.000000 0.000000 0.000000
0.000000 0.000000 0.000000 0.000000 0.000000 0.000000 0.000000 0.000000 0.000000 0.000000 0.000000 0.000000 0.000000 0.000000 0.000000 0.000000 0.000000 1.000000 0.000000 0.000000
0.285714 0.000000 0.000000 0.000000 0.000000 0.000000 0.000000 0.000000 0.000000 0.000000 0.000000 0.142857 0.000000 0.000000 0.000000 0.000000 0.285714 0.142857 0.000000 0.142857
0.142857 0.000000 0.000000 0.000000 0.000000 0.857143 0.000000 0.000000 0.000000 0.000000 0.000000 0.000000 0.000000 0.000000 0.000000 0.000000 0.000000 0.000000 0.000000 0.000000
0.285714 0.000000 0.000000 0.000000 0.000000 0.714286 0.000000 0.000000 0.000000 0.000000 0.000000 0.000000 0.000000 0.000000 0.000000 0.000000 0.000000 0.000000 0.000000 0.000000
0.000000 0.000000 0.000000 0.000000 0.000000 0.571429 0.000000 0.285714 0.000000 0.000000 0.000000 0.000000 0.000000 0.000000 0.000000 0.000000 0.000000 0.142857 0.000000 0.000000
0.000000 0.000000 0.000000 0.000000 0.000000 0.000000 0.000000 0.142857 0.000000 0.000000 0.000000 0.000000 0.000000 0.000000 0.000000 0.000000 0.857143 0.000000 0.000000 0.000000
0.000000 0.000000 0.000000 0.000000 0.000000 0.000000 0.000000 0.000000 0.000000 0.000000 0.000000 0.000000 0.857143 0.000000 0.000000 0.000000 0.142857 0.000000 0.000000 0.000000