MEME version 4.11.2

ALPHABET= ACDEFGHIKLMNPQRSTVWY

Background letter frequencies (from unknown source):
A 0.103 C 0.038 D 0.029 E 0.113 F 0.033 G 0.087 H 0.008 I 0.050 K 0.058
L 0.063 M 0.040 N 0.034 P 0.044 Q 0.031 R 0.010 S 0.081 T 0.086 V 0.074
W 0.006 Y 0.013

MOTIF 1

log-odds matrix: alength= 20 w= 29 E= 1.3e-166
  -259   -441   -190   -439   -426    319   -176   -429   -338   -442   -464     14   -393   -334    -96   -274   -407     27   -274   -280
  -253   -458   -233   -383   -368   -387    250   -361    163   -305   -410   -259    390   -196     19   -266   -329   -356   -315   -271
    54   -310   -300   -517   -370   -328   -209   -397   -365   -377   -409   -196      3   -324   -112    299     19   -383   -297   -260
  -216   -350   -363   -532    463   -505   -231   -204   -451      5    -80   -388   -397   -406   -220   -363   -459   -279    -74     62
  -359   -553    235    197   -479    -29    -56   -524   -254   -473   -544    261   -367   -181   -100     -9   -338   -506   -409   -263
  -326   -620    -27    277   -532   -432   -184   -456   -260   -426     15   -261   -387   -137   -126     22   -405   -431   -443   -357
  -406   -425   -437   -535   -149   -551   -228    -97   -428    374   -118   -417   -420   -308   -146   -451   -401    -36   -212   -200
  -255   -349   -180    -26   -369   -360   -149   -328   -301   -362   -364   -138   -355   -243    -82    227    227   -326   -291   -259
  -187   -317   -111     58   -174   -303      7   -116   -122     27    141   -119   -261    190     77    -18     47    122   -136    -70
  -454   -677      8    303   -570   -519   -256   -500   -171   -517   -574   -338   -508   -237   -241   -480   -519   -523   -455   -424
  -546   -661   -130    310   -569   -559   -296   -517   -558   -567   -626   -381   -615   -333   -315   -561   -593   -574   -448   -445
  -528   -525   -670   -778   -163   -715   -388   -138   -665    254    383   -628   -595   -473   -361   -671   -531   -269   -257   -264
   151   -682      2    226   -554   -421   -158   -452     27   -405   -459   -244   -352    -95    -74   -334   -381   -413   -456   -350
   175   -293   -104     41   -218    -65      1   -180   -119     71     31   -117   -269    -76     77    -17    -46   -170   -164   -100
  -371   -413   -360   -533   -242   -523   -285    361   -408    114   -176   -360   -469   -377   -200   -413   -350    129   -275   -206
  -339   -414   -330   -285   -324   -501     62     78   -324   -183   -252   -263   -371    461    -33   -367   -372    -42   -232   -263
  -361   -534   -282   -529   -504    345   -258   -533   -425   -527   -556   -295   -467   -423   -177   -377   -512   -520   -341   -358
   151     77   -327     18   -449    -25   -246   -454   -415   -427   -468   -301   -378   -332   -180    228   -303   -356   -373   -350
  -265   -439   -128   -411   -451    298   -139   -482   -334   -472   -503     75   -389   -302   -117    118   -371   -444   -318   -289
  -444   -534    502   -262   -447   -462   -166   -460   -449   -451   -523   -115   -492   -365   -206   -411   -496   -475   -332   -299
  -267   -351   -387   -537   -308   -531   -262    144   -456   -182   -305   -418   -435   -420   -194   -449   -314    340   -366   -329
  -161   -426   -208   -218   -385   -419    120   -352    -65   -242   -258     70   -315    460     65   -293   -342   -375   -197   -242
   258   -392   -464   -648   -518   -357   -356   -534   -574   -506   -558   -423    293   -452   -290   -273   -375   -428   -432   -435
  -546   -661   -130    310   -569   -559   -296   -517   -558   -567   -626   -381   -615   -333   -315   -561   -593   -574   -448   -445
  -497   -558   -480   -715   -552   -561   -371   -514   -566   -550   -572   -419   -544   -493   -311   -338    350   -512   -440   -454
  -497   -558   -480   -715   -552   -561   -371   -514   -566   -550   -572   -419   -544   -493   -311   -338    350   -512   -440   -454
  -445   -608   -421   -600   -533   -537   -321   -556   -492   -492   -615   -481    445   -430   -261   -462   -525   -550   -448   -446
   128   -387   -488   -619   -270   -514   -320    -55   -515    168   -267   -448   -496   -442   -269   -423   -365    267   -323   -271
  -422    464   -437   -578   -442   -571   -306   -401   -535   -426   -465   -445   -524   -461   -240   -480   -360   -484   -423   -397


letter-probability matrix: alength= 20 w= 29 nsites= 14 E= 1.3e-166
0.000000 0.000000 0.000000 0.000000 0.000000 0.714286 0.000000 0.000000 0.000000 0.000000 0.000000 0.071429 0.000000 0.000000 0.000000 0.000000 0.000000 0.214286 0.000000 0.000000
0.000000 0.000000 0.000000 0.000000 0.000000 0.000000 0.071429 0.000000 0.285714 0.000000 0.000000 0.000000 0.642857 0.000000 0.000000 0.000000 0.000000 0.000000 0.000000 0.000000
0.214286 0.000000 0.000000 0.000000 0.000000 0.000000 0.000000 0.000000 0.000000 0.000000 0.000000 0.000000 0.071429 0.000000 0.000000 0.642857 0.071429 0.000000 0.000000 0.000000
0.071429 0.000000 0.000000 0.000000 0.714286 0.000000 0.000000 0.000000 0.000000 0.142857 0.071429 0.000000 0.000000 0.000000 0.000000 0.000000 0.000000 0.000000 0.000000 0.000000
0.000000 0.000000 0.142857 0.500000 0.000000 0.071429 0.000000 0.000000 0.000000 0.000000 0.000000 0.214286 0.000000 0.000000 0.000000 0.071429 0.000000 0.000000 0.000000 0.000000
0.000000 0.000000 0.000000 0.785714 0.000000 0.000000 0.000000 0.000000 0.000000 0.000000 0.071429 0.000000 0.000000 0.000000 0.000000 0.142857 0.000000 0.000000 0.000000 0.000000
0.000000 0.000000 0.000000 0.000000 0.000000 0.000000 0.000000 0.000000 0.000000 0.928571 0.000000 0.000000 0.000000 0.000000 0.000000 0.000000 0.000000 0.071429 0.000000 0.000000
0.000000 0.000000 0.000000 0.142857 0.000000 0.000000 0.000000 0.000000 0.000000 0.000000 0.000000 0.000000 0.000000 0.000000 0.000000 0.428571 0.428571 0.000000 0.000000 0.000000
0.000000 0.000000 0.000000 0.214286 0.000000 0.000000 0.000000 0.000000 0.000000 0.071429 0.142857 0.000000 0.000000 0.142857 0.000000 0.071429 0.142857 0.214286 0.000000 0.000000
0.000000 0.000000 0.071429 0.857143 0.000000 0.000000 0.000000 0.000000 0.071429 0.000000 0.000000 0.000000 0.000000 0.000000 0.000000 0.000000 0.000000 0.000000 0.000000 0.000000
0.000000 0.000000 0.000000 1.000000 0.000000 0.000000 0.000000 0.000000 0.000000 0.000000 0.000000 0.000000 0.000000 0.000000 0.000000 0.000000 0.000000 0.000000 0.000000 0.000000
0.000000 0.000000 0.000000 0.000000 0.000000 0.000000 0.000000 0.000000 0.000000 0.357143 0.642857 0.000000 0.000000 0.000000 0.000000 0.000000 0.000000 0.000000 0.000000 0.000000
0.357143 0.000000 0.000000 0.571429 0.000000 0.000000 0.000000 0.000000 0.071429 0.000000 0.000000 0.000000 0.000000 0.000000 0.000000 0.000000 0.000000 0.000000 0.000000 0.000000
0.357143 0.000000 0.000000 0.214286 0.000000 0.071429 0.000000 0.000000 0.000000 0.142857 0.071429 0.000000 0.000000 0.000000 0.000000 0.071429 0.071429 0.000000 0.000000 0.000000
0.000000 0.000000 0.000000 0.000000 0.000000 0.000000 0.000000 0.571429 0.000000 0.214286 0.000000 0.000000 0.000000 0.000000 0.000000 0.000000 0.000000 0.214286 0.000000 0.000000
0.000000 0.000000 0.000000 0.000000 0.000000 0.000000 0.000000 0.142857 0.000000 0.000000 0.000000 0.000000 0.000000 0.785714 0.000000 0.000000 0.000000 0.071429 0.000000 0.000000
0.000000 0.000000 0.000000 0.000000 0.000000 1.000000 0.000000 0.000000 0.000000 0.000000 0.000000 0.000000 0.000000 0.000000 0.000000 0.000000 0.000000 0.000000 0.000000 0.000000
0.285714 0.071429 0.000000 0.142857 0.000000 0.071429 0.000000 0.000000 0.000000 0.000000 0.000000 0.000000 0.000000 0.000000 0.000000 0.428571 0.000000 0.000000 0.000000 0.000000
0.000000 0.000000 0.000000 0.000000 0.000000 0.642857 0.000000 0.000000 0.000000 0.000000 0.000000 0.071429 0.000000 0.000000 0.000000 0.285714 0.000000 0.000000 0.000000 0.000000
0.000000 0.000000 1.000000 0.000000 0.000000 0.000000 0.000000 0.000000 0.000000 0.000000 0.000000 0.000000 0.000000 0.000000 0.000000 0.000000 0.000000 0.000000 0.000000 0.000000
0.000000 0.000000 0.000000 0.000000 0.000000 0.000000 0.000000 0.142857 0.000000 0.000000 0.000000 0.000000 0.000000 0.000000 0.000000 0.000000 0.000000 0.857143 0.000000 0.000000
0.071429 0.000000 0.000000 0.000000 0.000000 0.000000 0.000000 0.000000 0.071429 0.000000 0.000000 0.142857 0.000000 0.714286 0.000000 0.000000 0.000000 0.000000 0.000000 0.000000
0.642857 0.000000 0.000000 0.000000 0.000000 0.000000 0.000000 0.000000 0.000000 0.000000 0.000000 0.000000 0.357143 0.000000 0.000000 0.000000 0.000000 0.000000 0.000000 0.000000
0.000000 0.000000 0.000000 1.000000 0.000000 0.000000 0.000000 0.000000 0.000000 0.000000 0.000000 0.000000 0.000000 0.000000 0.000000 0.000000 0.000000 0.000000 0.000000 0.000000
0.000000 0.000000 0.000000 0.000000 0.000000 0.000000 0.000000 0.000000 0.000000 0.000000 0.000000 0.000000 0.000000 0.000000 0.000000 0.000000 1.000000 0.000000 0.000000 0.000000
0.000000 0.000000 0.000000 0.000000 0.000000 0.000000 0.000000 0.000000 0.000000 0.000000 0.000000 0.000000 0.000000 0.000000 0.000000 0.000000 1.000000 0.000000 0.000000 0.000000
0.000000 0.000000 0.000000 0.000000 0.000000 0.000000 0.000000 0.000000 0.000000 0.000000 0.000000 0.000000 1.000000 0.000000 0.000000 0.000000 0.000000 0.000000 0.000000 0.000000
0.285714 0.000000 0.000000 0.000000 0.000000 0.000000 0.000000 0.000000 0.000000 0.214286 0.000000 0.000000 0.000000 0.000000 0.000000 0.000000 0.000000 0.500000 0.000000 0.000000
0.000000 0.928571 0.000000 0.000000 0.000000 0.000000 0.000000 0.000000 0.000000 0.000000 0.000000 0.000000 0.000000 0.000000 0.000000 0.000000 0.071429 0.000000 0.000000 0.000000