MEME version 4.11.1

ALPHABET= ACDEFGHIKLMNPQRSTVWY

Background letter frequencies (from unknown source):
A 0.089 C 0.051 D 0.056 E 0.067 F 0.026 G 0.080 H 0.013 I 0.047 K 0.051
L 0.093 M 0.034 N 0.042 P 0.035 Q 0.030 R 0.026 S 0.089 T 0.084 V 0.060
W 0.013 Y 0.013

MOTIF 1

log-odds matrix: alength= 20 w= 25 E= 8.2e-148
  -494   -525   -550   -568   -350   -559   -398   -259   -492   -242    478   -500   -476   -457   -452   -522   -506   -336   -334   -225
   318   -297   -411   -400   -315   -247   -300   -322   -376   -366   -335     -8   -383   -333   -287   -168    -85   -191   -387   -287
  -564   -632   -661   -645   -282   -632   -456   -271   -592    337   -275   -614   -533   -488   -464   -639   -581   -356   -471   -358
  -428   -505   -576   -504     88   -580   -332   -122   -454    322   -119   -492   -427   -343   -329   -510   -440   -208   -337   -203
  -462   -610    408   -228   -452   -484   -279   -489   -470   -544   -538   -189   -490   -401   -384   -463   -531   -484   -476   -338
  -564   -632   -661   -645   -282   -632   -456   -271   -592    337   -275   -614   -533   -488   -464   -639   -581   -356   -471   -358
  -514   -650   -560   -376   -533   -588   -174   -561   -479   -510   -455   -456   -473    501   -338   -546   -572   -565   -491   -439
   274   -343   -380   -417   -368    -51   -306   -383   -398   -425   -393    114   -379   -344   -319    -43     75   -253   -439   -325
  -478   -509   -540   -555   -318   -554   -386   -150   -478   -170    474   -487   -466   -441   -440   -509   -490   -310   -318   -209
  -330   -801    322    263   -574   -441   -273   -491   -247   -511   -487   -290   -357   -133   -295   -388   -422   -430   -619   -399
   115   -403   -433   -460   -390   -364   -314   -346   -379   -463   -373   -277   -368     66   -299    123    255   -300   -450   -343
  -238   -522    108     47   -361   -376   -219   -371   -263   -383   -410   -274    421   -201   -228   -285    -94   -341   -465   -308
   119   -778   -111    294   -541   -436   -250   -459     23   -477   -451   -302   -338    239   -232   -372   -398   -402   -584   -370
  -201   -486   -160    249   -277   -297    336   -291    -65      4   -276     51   -239    -50    127   -197     28   -265   -335   -139
  -351   -594    229    170   -443    101    299   -514   -243   -529   -516     85   -348   -201   -239   -250     36   -482   -512   -267
   139   -430      7   -431   -479    228   -309   -526   -436   -563   -526   -252   -380   -366   -375    165   -347   -397   -540   -388
  -213   -330   -438   -374    287    200   -182    -59   -312   -137     77   -308   -317   -252   -218   -291    -46    152    190    -69
  -380   -610   -417   -493   -508    359   -369   -561   -446   -618   -572   -368   -468   -458   -356   -430   -547   -527   -485   -397
   -61   -688    197    193   -528    233   -224   -492   -244   -513   -490   -195   -349   -143   -277   -330   -391   -433   -582   -353
   -37   -363   -306   -249   -169    -59   -145   -124   -200    188   -185   -234     49     86   -149    144   -237     22   -282   -117
   223   -360   -242    -25   -290    -61   -135   -304   -160   -334   -300   -189   -287   -134     95     71    107   -223   -357   -190
  -293   -394   -388   -423   -309   -453    141    120   -312   -375   -281   -206   -355   -259   -237     34    290    -40   -376   -271
   -29   -403   -459   -465   -357    268   -332   -332   -425    -77   -381   -366   -368   -364   -332    124    -55     -7   -439   -308
   -19   -403   -532   -552   -452    -38   -407   -469   -522    120   -484   -404   -379   -422   -404    278   -305   -361   -523   -405
  -185   -403   -208   -149   -193    -64    -71   -167    -91     63   -203   -153   -240    339    118    -48     79      3   -283   -104


letter-probability matrix: alength= 20 w= 25 nsites= 17 E= 8.2e-148
0.000000 0.000000 0.000000 0.000000 0.000000 0.000000 0.000000 0.000000 0.000000 0.000000 1.000000 0.000000 0.000000 0.000000 0.000000 0.000000 0.000000 0.000000 0.000000 0.000000
0.882353 0.000000 0.000000 0.000000 0.000000 0.000000 0.000000 0.000000 0.000000 0.000000 0.000000 0.058824 0.000000 0.000000 0.000000 0.000000 0.058824 0.000000 0.000000 0.000000
0.000000 0.000000 0.000000 0.000000 0.000000 0.000000 0.000000 0.000000 0.000000 1.000000 0.000000 0.000000 0.000000 0.000000 0.000000 0.000000 0.000000 0.000000 0.000000 0.000000
0.000000 0.000000 0.000000 0.000000 0.058824 0.000000 0.000000 0.000000 0.000000 0.941176 0.000000 0.000000 0.000000 0.000000 0.000000 0.000000 0.000000 0.000000 0.000000 0.000000
0.000000 0.000000 1.000000 0.000000 0.000000 0.000000 0.000000 0.000000 0.000000 0.000000 0.000000 0.000000 0.000000 0.000000 0.000000 0.000000 0.000000 0.000000 0.000000 0.000000
0.000000 0.000000 0.000000 0.000000 0.000000 0.000000 0.000000 0.000000 0.000000 1.000000 0.000000 0.000000 0.000000 0.000000 0.000000 0.000000 0.000000 0.000000 0.000000 0.000000
0.000000 0.000000 0.000000 0.000000 0.000000 0.000000 0.000000 0.000000 0.000000 0.000000 0.000000 0.000000 0.000000 1.000000 0.000000 0.000000 0.000000 0.000000 0.000000 0.000000
0.588235 0.000000 0.000000 0.000000 0.000000 0.058824 0.000000 0.000000 0.000000 0.000000 0.000000 0.117647 0.000000 0.000000 0.000000 0.058824 0.176471 0.000000 0.000000 0.000000
0.000000 0.000000 0.000000 0.000000 0.000000 0.000000 0.000000 0.058824 0.000000 0.058824 0.882353 0.000000 0.000000 0.000000 0.000000 0.000000 0.000000 0.000000 0.000000 0.000000
0.000000 0.000000 0.588235 0.411765 0.000000 0.000000 0.000000 0.000000 0.000000 0.000000 0.000000 0.000000 0.000000 0.000000 0.000000 0.000000 0.000000 0.000000 0.000000 0.000000
0.235294 0.000000 0.000000 0.000000 0.000000 0.000000 0.000000 0.000000 0.000000 0.000000 0.000000 0.000000 0.000000 0.058824 0.000000 0.235294 0.470588 0.000000 0.000000 0.000000
0.000000 0.000000 0.176471 0.117647 0.000000 0.000000 0.000000 0.000000 0.000000 0.000000 0.000000 0.000000 0.647059 0.000000 0.000000 0.000000 0.058824 0.000000 0.000000 0.000000
0.235294 0.000000 0.000000 0.529412 0.000000 0.000000 0.000000 0.000000 0.058824 0.000000 0.000000 0.000000 0.000000 0.176471 0.000000 0.000000 0.000000 0.000000 0.000000 0.000000
0.000000 0.000000 0.000000 0.470588 0.000000 0.000000 0.176471 0.000000 0.000000 0.117647 0.000000 0.058824 0.000000 0.000000 0.058824 0.000000 0.117647 0.000000 0.000000 0.000000
0.000000 0.000000 0.294118 0.235294 0.000000 0.176471 0.117647 0.000000 0.000000 0.000000 0.000000 0.058824 0.000000 0.000000 0.000000 0.000000 0.117647 0.000000 0.000000 0.000000
0.235294 0.000000 0.058824 0.000000 0.000000 0.411765 0.000000 0.000000 0.000000 0.000000 0.000000 0.000000 0.000000 0.000000 0.000000 0.294118 0.000000 0.000000 0.000000 0.000000
0.000000 0.000000 0.000000 0.000000 0.235294 0.411765 0.000000 0.000000 0.000000 0.000000 0.058824 0.000000 0.000000 0.000000 0.000000 0.000000 0.058824 0.176471 0.058824 0.000000
0.000000 0.000000 0.000000 0.000000 0.000000 1.000000 0.000000 0.000000 0.000000 0.000000 0.000000 0.000000 0.000000 0.000000 0.000000 0.000000 0.000000 0.000000 0.000000 0.000000
0.058824 0.000000 0.235294 0.235294 0.000000 0.470588 0.000000 0.000000 0.000000 0.000000 0.000000 0.000000 0.000000 0.000000 0.000000 0.000000 0.000000 0.000000 0.000000 0.000000
0.058824 0.000000 0.000000 0.000000 0.000000 0.058824 0.000000 0.000000 0.000000 0.411765 0.000000 0.000000 0.058824 0.058824 0.000000 0.294118 0.000000 0.058824 0.000000 0.000000
0.411765 0.000000 0.000000 0.058824 0.000000 0.058824 0.000000 0.000000 0.000000 0.000000 0.000000 0.000000 0.000000 0.000000 0.058824 0.176471 0.235294 0.000000 0.000000 0.000000
0.000000 0.000000 0.000000 0.000000 0.000000 0.000000 0.058824 0.176471 0.000000 0.000000 0.000000 0.000000 0.000000 0.000000 0.000000 0.117647 0.588235 0.058824 0.000000 0.000000
0.058824 0.000000 0.000000 0.000000 0.000000 0.529412 0.000000 0.000000 0.000000 0.058824 0.000000 0.000000 0.000000 0.000000 0.000000 0.235294 0.058824 0.058824 0.000000 0.000000
0.058824 0.000000 0.000000 0.000000 0.000000 0.058824 0.000000 0.000000 0.000000 0.235294 0.000000 0.000000 0.000000 0.000000 0.000000 0.647059 0.000000 0.000000 0.000000 0.000000
0.000000 0.000000 0.000000 0.000000 0.000000 0.058824 0.000000 0.000000 0.000000 0.176471 0.000000 0.000000 0.000000 0.411765 0.058824 0.058824 0.176471 0.058824 0.000000 0.000000