MEME version 4.11.1

ALPHABET= ACDEFGHIKLMNPQRSTVWY

Background letter frequencies (from unknown source):
A 0.098 C 0.068 D 0.032 E 0.095 F 0.027 G 0.075 H 0.020 I 0.034 K 0.014
L 0.077 M 0.041 N 0.016 P 0.045 Q 0.025 R 0.034 S 0.111 T 0.095 V 0.073
W 0.002 Y 0.018

MOTIF 1

log-odds matrix: alength= 20 w= 23 E= 6.4e-021
  -314   -436   -428   -517    272   -471   -355    344   -215    163   -121   -265   -435   -306   -354   -441   -335     93    -43   -198
    94   -407    -34    158   -179   -250   -120    146    115   -172   -206     13   -239     -6    -87   -195     92   -152    -20   -136
   -36   -367   -319   -424   -187   -413   -294    256   -148      8   -210   -210   -353   -282   -276   -388   -254    293    -95   -248
  -200   -445    236   -161   -272   -225   -116   -245     88   -301   -313    106   -260    178   -113    161    113   -299    -84   -183
  -166   -319   -250   -328    181   -298    295     42    -24    -63   -113    -81   -286   -139   -173   -250     93    206     85    -12
  -377   -501   -264   -389     35   -412    414   -271     21   -275   -337    -57   -387    -97    239   -365   -387   -348    148    410
  -242   -519   -186   -391   -381    353   -291   -368    -98   -458   -446    -72   -377   -283      9   -311   -421   -408   -106   -307
    70   -629      7    291   -470   -352   -277   -356     -1   -409   -436   -110   -333    -55   -260   -337   -363   -374   -266   -369
  -230   -582     17    256   -358    119   -207   -274     57     20   -361    -34   -298    -28   -179   -287   -310   -315   -177   -273
     3   -451     -8     96   -204   -219    -44   -171    182   -206   -221     78   -198    345    -18    -16   -176   -219    -10    196
  -126   -443    159     97   -192   -205    286   -163    197   -198   -215     94   -187     60    151     -7   -162     16      0    -95
  -329   -447   -431   -511    -30   -466   -250     -4   -206    259   -126   -251   -423   -281   -327   -436   -354     71     51    399
  -312   -410   -337   -461    464   -419   -252    -77   -172   -128   -232    171   -380   -292   -322   -368   -369     69     93     51
     9   -571     28    253   -350   -318   -213   -246     62   -305    204    -64   -287    -14   -180   -288   -302   -289   -176   -277
    -8   -439   -231   -353   -309     81   -262   -274    -65   -309   -384   -145    387   -180   -232   -240   -288   -302   -156   -314
    17   -324    229   -217    -81   -259   -130     28     63    -74    199    -20   -249    -64   -113   -209     11    149     56    -76
   138   -350    114   -292   -220   -283   -256      8    -82   -197   -257   -124   -314   -200   -236   -256   -239    279    -92   -247
   266   -309   -314   -430   -301   -196   -333   -259   -161   -324   -342   -166   -341   -265   -295      1     84   -207   -119   -311
  -237   -464   -212   -287   -251    202   -166   -178    170    136   -281    -53   -334    -65    318   -283   -291   -252    -65   -193
  -416    382   -451   -554   -415   -548   -441   -345   -325   -454   -466   -337   -525   -432   -418   -527   -463   -481   -282   -445
  -169    172   -162   -354   -295   -257   -236   -224    -56   -331   -323    250   -311   -178   -226    118    166   -264   -113   -262
  -194   -121   -234   -418   -255   -313   -264    -18    -63   -312   -321      1   -291   -223   -204    261     54   -330    -75   -218
  -236   -379   -251   -421   -272   -364   -268     72    -69   -311   -274    -14   -330   -189   -222    136    249   -226    -84   -265


letter-probability matrix: alength= 20 w= 23 nsites= 8 E= 6.4e-021
0.000000 0.000000 0.000000 0.000000 0.250000 0.000000 0.000000 0.375000 0.000000 0.250000 0.000000 0.000000 0.000000 0.000000 0.000000 0.000000 0.000000 0.125000 0.000000 0.000000
0.250000 0.000000 0.000000 0.375000 0.000000 0.000000 0.000000 0.125000 0.000000 0.000000 0.000000 0.000000 0.000000 0.000000 0.000000 0.000000 0.250000 0.000000 0.000000 0.000000
0.125000 0.000000 0.000000 0.000000 0.000000 0.000000 0.000000 0.250000 0.000000 0.125000 0.000000 0.000000 0.000000 0.000000 0.000000 0.000000 0.000000 0.500000 0.000000 0.000000
0.000000 0.000000 0.250000 0.000000 0.000000 0.000000 0.000000 0.000000 0.000000 0.000000 0.000000 0.000000 0.000000 0.125000 0.000000 0.375000 0.250000 0.000000 0.000000 0.000000
0.000000 0.000000 0.000000 0.000000 0.125000 0.000000 0.250000 0.000000 0.000000 0.000000 0.000000 0.000000 0.000000 0.000000 0.000000 0.000000 0.250000 0.375000 0.000000 0.000000
0.000000 0.000000 0.000000 0.000000 0.000000 0.000000 0.375000 0.000000 0.000000 0.000000 0.000000 0.000000 0.000000 0.000000 0.250000 0.000000 0.000000 0.000000 0.000000 0.375000
0.000000 0.000000 0.000000 0.000000 0.000000 0.875000 0.000000 0.000000 0.000000 0.000000 0.000000 0.000000 0.000000 0.000000 0.125000 0.000000 0.000000 0.000000 0.000000 0.000000
0.250000 0.000000 0.000000 0.750000 0.000000 0.000000 0.000000 0.000000 0.000000 0.000000 0.000000 0.000000 0.000000 0.000000 0.000000 0.000000 0.000000 0.000000 0.000000 0.000000
0.000000 0.000000 0.000000 0.625000 0.000000 0.250000 0.000000 0.000000 0.000000 0.125000 0.000000 0.000000 0.000000 0.000000 0.000000 0.000000 0.000000 0.000000 0.000000 0.000000
0.125000 0.000000 0.000000 0.250000 0.000000 0.000000 0.000000 0.000000 0.000000 0.000000 0.000000 0.000000 0.000000 0.375000 0.000000 0.125000 0.000000 0.000000 0.000000 0.125000
0.000000 0.000000 0.125000 0.250000 0.000000 0.000000 0.250000 0.000000 0.000000 0.000000 0.000000 0.000000 0.000000 0.000000 0.125000 0.125000 0.000000 0.125000 0.000000 0.000000
0.000000 0.000000 0.000000 0.000000 0.000000 0.000000 0.000000 0.000000 0.000000 0.500000 0.000000 0.000000 0.000000 0.000000 0.000000 0.000000 0.000000 0.125000 0.000000 0.375000
0.000000 0.000000 0.000000 0.000000 0.625000 0.000000 0.000000 0.000000 0.000000 0.000000 0.000000 0.125000 0.000000 0.000000 0.000000 0.000000 0.000000 0.250000 0.000000 0.000000
0.125000 0.000000 0.000000 0.625000 0.000000 0.000000 0.000000 0.000000 0.000000 0.000000 0.250000 0.000000 0.000000 0.000000 0.000000 0.000000 0.000000 0.000000 0.000000 0.000000
0.125000 0.000000 0.000000 0.000000 0.000000 0.250000 0.000000 0.000000 0.000000 0.000000 0.000000 0.000000 0.625000 0.000000 0.000000 0.000000 0.000000 0.000000 0.000000 0.000000
0.125000 0.000000 0.250000 0.000000 0.000000 0.000000 0.000000 0.000000 0.000000 0.000000 0.250000 0.000000 0.000000 0.000000 0.000000 0.000000 0.125000 0.250000 0.000000 0.000000
0.375000 0.000000 0.125000 0.000000 0.000000 0.000000 0.000000 0.000000 0.000000 0.000000 0.000000 0.000000 0.000000 0.000000 0.000000 0.000000 0.000000 0.500000 0.000000 0.000000
0.625000 0.000000 0.000000 0.000000 0.000000 0.000000 0.000000 0.000000 0.000000 0.000000 0.000000 0.000000 0.000000 0.000000 0.000000 0.125000 0.250000 0.000000 0.000000 0.000000
0.000000 0.000000 0.000000 0.000000 0.000000 0.375000 0.000000 0.000000 0.000000 0.250000 0.000000 0.000000 0.000000 0.000000 0.375000 0.000000 0.000000 0.000000 0.000000 0.000000
0.000000 1.000000 0.000000 0.000000 0.000000 0.000000 0.000000 0.000000 0.000000 0.000000 0.000000 0.000000 0.000000 0.000000 0.000000 0.000000 0.000000 0.000000 0.000000 0.000000
0.000000 0.375000 0.000000 0.000000 0.000000 0.000000 0.000000 0.000000 0.000000 0.000000 0.000000 0.125000 0.000000 0.000000 0.000000 0.250000 0.250000 0.000000 0.000000 0.000000
0.000000 0.125000 0.000000 0.000000 0.000000 0.000000 0.000000 0.125000 0.000000 0.000000 0.000000 0.000000 0.000000 0.000000 0.000000 0.625000 0.125000 0.000000 0.000000 0.000000
0.000000 0.000000 0.000000 0.000000 0.000000 0.000000 0.000000 0.125000 0.000000 0.000000 0.000000 0.000000 0.000000 0.000000 0.000000 0.375000 0.500000 0.000000 0.000000 0.000000