MEME version 4.11.1

ALPHABET= ACDEFGHIKLMNPQRSTVWY

Background letter frequencies (from unknown source):
A 0.112 C 0.045 D 0.030 E 0.112 F 0.039 G 0.114 H 0.004 I 0.043 K 0.002
L 0.047 M 0.024 N 0.034 P 0.028 Q 0.039 R 0.002 S 0.108 T 0.126 V 0.073
W 0.008 Y 0.008

MOTIF 2

log-odds matrix: alength= 20 w= 15 E= 1.9e-016
    45   -351    -44     55     80   -308    146   -119    418    -88   -111    -75   -157    240    353   -184   -230     99   -177     10
    49   -506    304     18   -396   -314     91   -346    342   -277   -297    152    312   -113    253   -228   -319   -351   -335   -115
   100   -284   -167   -274    238   -338     91    118    323    -18    -55   -149    140    184    280   -225   -236    -79   -135     52
    55   -311    129   -330   -257   -345     -1    -77    225   -123   -161   -203   -242   -239    191   -231     88    236   -245    -87
   -33   -535     11    249   -504   -396    -27   -382    289   -325   -342   -202   -252   -119    168   -310     25   -361   -434   -232
  -425   -697    114    298   -587   -528   -128   -462    140   -445   -466   -305   -393   -232     27   -480   -536   -491   -488   -333
  -393   -419   -456   -557   -184   -595   -153    118     37    383    -55   -427   -373   -375     54   -502   -433    111   -268   -138
  -261   -342   -248   -409   -316   -425    -31   -166    232   -204   -190   -155   -278    153    201   -117    224     78   -271   -139
  -379   -406   -472   -625   -320   -632   -300    348    -32    -79   -181   -460   -463   -528    -81   -549   -421    260   -434   -229
  -553   -682   -131    310   -593   -595   -191   -491    -60   -521   -544   -376   -540   -363    -77   -597   -643   -567   -486   -371
  -345   -713     -5    283   -576   -478    -76   -432    243   -383   -403   -260   -308    147    113   -407   -464   -429   -485   -292
  -468   -493   -464   -584   -218   -594   -161   -132     14    427    -90   -456   -384   -393     42   -536   -508   -252   -287   -162
  -161   -318   -300   -476   -378     55    -95   -294    118   -276   -289   -239   -264   -330    106    181     61    117   -333   -192
  -293   -694    310    231   -552   -407    -14   -410    296   -343   -363   -159   -250   -104    156    -39   -402   -390   -477   -244
   209   -303   -373   -517   -356   -314   -137   -185     60   -225   -261   -321   -291   -373     66   -219     98    126   -332   -199


letter-probability matrix: alength= 20 w= 15 nsites= 10 E= 1.9e-016
0.200000 0.000000 0.000000 0.200000 0.100000 0.000000 0.000000 0.000000 0.000000 0.000000 0.000000 0.000000 0.000000 0.300000 0.000000 0.000000 0.000000 0.200000 0.000000 0.000000
0.200000 0.000000 0.300000 0.100000 0.000000 0.000000 0.000000 0.000000 0.000000 0.000000 0.000000 0.100000 0.300000 0.000000 0.000000 0.000000 0.000000 0.000000 0.000000 0.000000
0.300000 0.000000 0.000000 0.000000 0.300000 0.000000 0.000000 0.100000 0.000000 0.000000 0.000000 0.000000 0.100000 0.200000 0.000000 0.000000 0.000000 0.000000 0.000000 0.000000
0.200000 0.000000 0.100000 0.000000 0.000000 0.000000 0.000000 0.000000 0.000000 0.000000 0.000000 0.000000 0.000000 0.000000 0.000000 0.000000 0.300000 0.400000 0.000000 0.000000
0.100000 0.000000 0.000000 0.700000 0.000000 0.000000 0.000000 0.000000 0.000000 0.000000 0.000000 0.000000 0.000000 0.000000 0.000000 0.000000 0.200000 0.000000 0.000000 0.000000
0.000000 0.000000 0.200000 0.800000 0.000000 0.000000 0.000000 0.000000 0.000000 0.000000 0.000000 0.000000 0.000000 0.000000 0.000000 0.000000 0.000000 0.000000 0.000000 0.000000
0.000000 0.000000 0.000000 0.000000 0.000000 0.000000 0.000000 0.100000 0.000000 0.700000 0.000000 0.000000 0.000000 0.000000 0.000000 0.000000 0.000000 0.200000 0.000000 0.000000
0.000000 0.000000 0.000000 0.000000 0.000000 0.000000 0.000000 0.000000 0.000000 0.000000 0.000000 0.000000 0.000000 0.200000 0.000000 0.000000 0.600000 0.200000 0.000000 0.000000
0.000000 0.000000 0.000000 0.000000 0.000000 0.000000 0.000000 0.500000 0.000000 0.000000 0.000000 0.000000 0.000000 0.000000 0.000000 0.000000 0.000000 0.500000 0.000000 0.000000
0.000000 0.000000 0.000000 1.000000 0.000000 0.000000 0.000000 0.000000 0.000000 0.000000 0.000000 0.000000 0.000000 0.000000 0.000000 0.000000 0.000000 0.000000 0.000000 0.000000
0.000000 0.000000 0.000000 0.800000 0.000000 0.000000 0.000000 0.000000 0.000000 0.000000 0.000000 0.000000 0.000000 0.200000 0.000000 0.000000 0.000000 0.000000 0.000000 0.000000
0.000000 0.000000 0.000000 0.000000 0.000000 0.000000 0.000000 0.000000 0.000000 1.000000 0.000000 0.000000 0.000000 0.000000 0.000000 0.000000 0.000000 0.000000 0.000000 0.000000
0.000000 0.000000 0.000000 0.000000 0.000000 0.200000 0.000000 0.000000 0.000000 0.000000 0.000000 0.000000 0.000000 0.000000 0.000000 0.400000 0.200000 0.200000 0.000000 0.000000
0.000000 0.000000 0.300000 0.600000 0.000000 0.000000 0.000000 0.000000 0.000000 0.000000 0.000000 0.000000 0.000000 0.000000 0.000000 0.100000 0.000000 0.000000 0.000000 0.000000
0.500000 0.000000 0.000000 0.000000 0.000000 0.000000 0.000000 0.000000 0.000000 0.000000 0.000000 0.000000 0.000000 0.000000 0.000000 0.000000 0.300000 0.200000 0.000000 0.000000