MEME version 4.11.1

ALPHABET= ACDEFGHIKLMNPQRSTVWY

Background letter frequencies (from unknown source):
A 0.033 C 0.098 D 0.020 E 0.068 F 0.024 G 0.309 H 0.008 I 0.030 K 0.036
L 0.049 M 0.020 N 0.038 P 0.016 Q 0.025 R 0.006 S 0.102 T 0.038 V 0.065
W 0.002 Y 0.014

MOTIF 1

log-odds matrix: alength= 20 w= 21 E= 1.0e-047
   -81   -648     86    290   -289   -539    -87   -199    -82   -196    386   -199   -147    -24     64   -301   -190   -266   -110   -223
  -369   -790    -73    383   -516   -733   -287   -434   -468   -520   -518   -389   -452   -292   -238   -582   -463   -545   -251   -451
   -25   -410   -180   -284    -88   -504    -77      8   -169    281    -40   -207    263   -154     56   -201    312    -87     59   -101
   -85   -690     87    286   -391   -528    -42   -286    315   -269   -265   -164   -139      4    182   -288   -179   -318   -119   -242
   336   -455   -319   -421   -108   -530   -198    -15   -319    339    -57   -350   -221   -273    -68   -292   -178   -129     -4   -180
  -134   -524   -205   -394     53   -558     11   -255   -286   -230   -272   -243   -240   -256    -44    178   -244   -324    190    518
   -98   -603     12    223   -390     84   -109   -357   -168   -363   -353   -146   -190   -127      2   -285   -227   -381   -124   -279
  -232   -488   -308   -459    522   -675   -199   -154   -381    -83   -183   -398   -244   -376   -149   -397   -347   -277    126     63
  -111   -588   -149   -370   -379    157   -177   -374   -272   -411   -373   -226   -241   -312    -29   -324   -309   -415    -72   -293
  -190   -514   -327   -458     57   -652     -8    -44   -337   -118   -173   -335   -279   -290    -76   -408   -254    246    196    513
   -27   -466   -237   -418   -291     84   -214   -113   -324   -236   -264   -289   -217   -311    -79   -262   -191    235    -96   -269
   -33   -455   -228   -373   -161   -497   -157    -95   -254    291   -138   -264   -200   -245    -25    224   -122   -190    -18   -159
    21   -412   -263   -400   -233   -459   -194    -39   -307   -169   -198   -293   -183   -274    -63    179   -127    292    -71   -226
   -45   -443   -270   -400   -221   -629   -185     74   -322   -125   -180   -371   -216   -322    -57   -407   -148    370    -98   -280
   -87   -788    401    297   -451   -535    -94   -322    -95   -315   -310   -169   -141     -7     15   -305   -205   -339   -214   -306
   349   -453    -34   -266   -328   -415    -75   -312   -201   -332   -328    367   -162   -187     -4   -186   -138   -308   -110   -243
  -204   -523   -381   -503    -81   -727   -273    411   -389    282    -15   -429   -318   -340   -151   -488   -242     -8    -13   -193
  -101   -520   -121   -222   -301   -523    -23   -210    316   -238   -216   -139   -179    -56    244   -185    367   -267    -36   -195
  -161   -484   -407   -510   -108   -714   -277     91   -408    295    -53   -443   -314   -361   -162   -483   -216    293    -43   -212
   -91   -486   -240   -450   -335   -544   -208   -348   -309   -360   -345   -229   -213   -314    -63    310     23   -405   -106   -274
  -174   -597   -241   -261   -390   -583    -17   -268    407   -257   -255   -205   -217    -39    545   -348   -208   -349    -41   -220


letter-probability matrix: alength= 20 w= 21 nsites= 7 E= 1.0e-047
0.000000 0.000000 0.000000 0.571429 0.000000 0.000000 0.000000 0.000000 0.000000 0.000000 0.428571 0.000000 0.000000 0.000000 0.000000 0.000000 0.000000 0.000000 0.000000 0.000000
0.000000 0.000000 0.000000 1.000000 0.000000 0.000000 0.000000 0.000000 0.000000 0.000000 0.000000 0.000000 0.000000 0.000000 0.000000 0.000000 0.000000 0.000000 0.000000 0.000000
0.000000 0.000000 0.000000 0.000000 0.000000 0.000000 0.000000 0.000000 0.000000 0.428571 0.000000 0.000000 0.142857 0.000000 0.000000 0.000000 0.428571 0.000000 0.000000 0.000000
0.000000 0.000000 0.000000 0.571429 0.000000 0.000000 0.000000 0.000000 0.428571 0.000000 0.000000 0.000000 0.000000 0.000000 0.000000 0.000000 0.000000 0.000000 0.000000 0.000000
0.428571 0.000000 0.000000 0.000000 0.000000 0.000000 0.000000 0.000000 0.000000 0.571429 0.000000 0.000000 0.000000 0.000000 0.000000 0.000000 0.000000 0.000000 0.000000 0.000000
0.000000 0.000000 0.000000 0.000000 0.000000 0.000000 0.000000 0.000000 0.000000 0.000000 0.000000 0.000000 0.000000 0.000000 0.000000 0.428571 0.000000 0.000000 0.000000 0.571429
0.000000 0.000000 0.000000 0.428571 0.000000 0.571429 0.000000 0.000000 0.000000 0.000000 0.000000 0.000000 0.000000 0.000000 0.000000 0.000000 0.000000 0.000000 0.000000 0.000000
0.000000 0.000000 0.000000 0.000000 1.000000 0.000000 0.000000 0.000000 0.000000 0.000000 0.000000 0.000000 0.000000 0.000000 0.000000 0.000000 0.000000 0.000000 0.000000 0.000000
0.000000 0.000000 0.000000 0.000000 0.000000 1.000000 0.000000 0.000000 0.000000 0.000000 0.000000 0.000000 0.000000 0.000000 0.000000 0.000000 0.000000 0.000000 0.000000 0.000000
0.000000 0.000000 0.000000 0.000000 0.000000 0.000000 0.000000 0.000000 0.000000 0.000000 0.000000 0.000000 0.000000 0.000000 0.000000 0.000000 0.000000 0.428571 0.000000 0.571429
0.000000 0.000000 0.000000 0.000000 0.000000 0.571429 0.000000 0.000000 0.000000 0.000000 0.000000 0.000000 0.000000 0.000000 0.000000 0.000000 0.000000 0.428571 0.000000 0.000000
0.000000 0.000000 0.000000 0.000000 0.000000 0.000000 0.000000 0.000000 0.000000 0.428571 0.000000 0.000000 0.000000 0.000000 0.000000 0.571429 0.000000 0.000000 0.000000 0.000000
0.000000 0.000000 0.000000 0.000000 0.000000 0.000000 0.000000 0.000000 0.000000 0.000000 0.000000 0.000000 0.000000 0.000000 0.000000 0.428571 0.000000 0.571429 0.000000 0.000000
0.000000 0.000000 0.000000 0.000000 0.000000 0.000000 0.000000 0.000000 0.000000 0.000000 0.000000 0.000000 0.000000 0.000000 0.000000 0.000000 0.000000 1.000000 0.000000 0.000000
0.000000 0.000000 0.428571 0.571429 0.000000 0.000000 0.000000 0.000000 0.000000 0.000000 0.000000 0.000000 0.000000 0.000000 0.000000 0.000000 0.000000 0.000000 0.000000 0.000000
0.428571 0.000000 0.000000 0.000000 0.000000 0.000000 0.000000 0.000000 0.000000 0.000000 0.000000 0.571429 0.000000 0.000000 0.000000 0.000000 0.000000 0.000000 0.000000 0.000000
0.000000 0.000000 0.000000 0.000000 0.000000 0.000000 0.000000 0.571429 0.000000 0.428571 0.000000 0.000000 0.000000 0.000000 0.000000 0.000000 0.000000 0.000000 0.000000 0.000000
0.000000 0.000000 0.000000 0.000000 0.000000 0.000000 0.000000 0.000000 0.428571 0.000000 0.000000 0.000000 0.000000 0.000000 0.000000 0.000000 0.571429 0.000000 0.000000 0.000000
0.000000 0.000000 0.000000 0.000000 0.000000 0.000000 0.000000 0.000000 0.000000 0.428571 0.000000 0.000000 0.000000 0.000000 0.000000 0.000000 0.000000 0.571429 0.000000 0.000000
0.000000 0.000000 0.000000 0.000000 0.000000 0.000000 0.000000 0.000000 0.000000 0.000000 0.000000 0.000000 0.000000 0.000000 0.000000 1.000000 0.000000 0.000000 0.000000 0.000000
0.000000 0.000000 0.000000 0.000000 0.000000 0.000000 0.000000 0.000000 0.571429 0.000000 0.000000 0.000000 0.000000 0.000000 0.428571 0.000000 0.000000 0.000000 0.000000 0.000000