MEME version 4.11.1

ALPHABET= ACDEFGHIKLMNPQRSTVWY

Background letter frequencies (from unknown source):
A 0.101 C 0.140 D 0.007 E 0.016 F 0.032 G 0.140 H 0.007 I 0.016 K 0.034
L 0.039 M 0.023 N 0.060 P 0.041 Q 0.032 R 0.002 S 0.102 T 0.125 V 0.078
W 0.002 Y 0.005

MOTIF 1

log-odds matrix: alength= 20 w= 21 E= 8.3e-072
  -382   -589   -209   -226   -115   -596   -183     88   -321    440    149   -475   -380   -285    130   -460   -433   -187     -7    -44
  -332   -677    -55    -22   -418   -465      6   -185    397    111   -267   -266   -356    295    483   -333   -375   -367    -70    -69
  -385   -531   -148   -239    475   -561   -186    -56    -62    -43   -193   -456   -376   -401     48   -388   -513   -296    115    209
  -272   -506    -31   -160   -315   -483   -119    -66   -203   -235    109     74   -334   -222    196     58    224   -243    -63   -112
  -274   -599    198    331   -382   -329    -13   -258   -133   -316   -358     73   -304   -165    214    253   -205   -433   -139    -77
  -389   -608    115   -151   -334   -416    282   -145   -208   -290   -325    375   -344   -212    162   -133   -355   -396    -34    -71
  -253   -512   -138   -205   -215   -534    286    456   -301     -7   -117   -422   -385   -343    110   -402   -335    252    -67    -55
  -452   -656   -258   -302   -187   -623   -246     13   -395    456    -86   -540   -439   -362     58   -528   -507   -261    -71   -105
   288   -442   -142   -217   -359   -315   -222   -181   -340   -261   -297   -400   -352   -342     91   -183     28   -250   -118   -170
  -280   -519    -25   -175   -332   -477   -129    -85   -221   -256   -218      7   -347   -240    179    -90    264   -260    -79   -125
  -204   -465    -26   -174   -301   -407   -125   -166   -207   -246   -265   -201   -286   -272    208    276     55   -378    -58    -60
  -176   -140    -86   -166   -244   -454   -140    155   -278    -88   -178     73   -330   -316    152   -331   -297    311    -79    -93
   268   -512     -2   -170   -418   -343   -170   -266   -304   -341   -381    211   -354   -319     89   -225   -356   -345   -172   -178
  -294   -770    473    484   -481   -372    -48   -289   -123   -336   -386    204   -310   -101    177   -270   -379   -429   -232   -142
  -282   -530      7   -160   -342   -454   -121   -101   -220   -268   -234    103   -349   -242    174   -104    254   -275    -89   -126
  -286   -554    124    216   -349   -391    -56   -124   -161   -272   -252    120   -327   -191    207   -117    234   -298    -99   -100
  -351   -684    -49    -13   -439   -481     15   -214    302   -234   -275   -278   -366    422    448   -354   -401   -396    -81    -95
  -273   -555   -179   -259   -322   -566   -235    110   -379   -146   -255   -501   -413   -421     58   -469   -386    352   -172   -193
   270   -472   -174   -262   -405   -332   -253   -228   -388   -314   -349   -414   -346   -366     55   -205    103   -302   -162   -209
  -233   -607    -56   -132   -343   -448   -145    -98   -229   -207   -311   -389    411   -254    159   -297   -381    127   -145   -153
    96   -554    -43   -198   -431    239   -196   -284   -305   -373   -387   -326   -360   -356    118   -263   -402   -392   -124   -181


letter-probability matrix: alength= 20 w= 21 nsites= 10 E= 8.3e-072
0.000000 0.000000 0.000000 0.000000 0.000000 0.000000 0.000000 0.000000 0.000000 0.900000 0.100000 0.000000 0.000000 0.000000 0.000000 0.000000 0.000000 0.000000 0.000000 0.000000
0.000000 0.000000 0.000000 0.000000 0.000000 0.000000 0.000000 0.000000 0.600000 0.100000 0.000000 0.000000 0.000000 0.300000 0.000000 0.000000 0.000000 0.000000 0.000000 0.000000
0.000000 0.000000 0.000000 0.000000 0.900000 0.000000 0.000000 0.000000 0.100000 0.000000 0.000000 0.000000 0.000000 0.000000 0.000000 0.000000 0.000000 0.000000 0.000000 0.000000
0.000000 0.000000 0.000000 0.000000 0.000000 0.000000 0.000000 0.000000 0.000000 0.000000 0.100000 0.200000 0.000000 0.000000 0.000000 0.200000 0.500000 0.000000 0.000000 0.000000
0.000000 0.000000 0.000000 0.200000 0.000000 0.000000 0.000000 0.000000 0.000000 0.000000 0.000000 0.100000 0.000000 0.000000 0.000000 0.700000 0.000000 0.000000 0.000000 0.000000
0.000000 0.000000 0.000000 0.000000 0.000000 0.000000 0.200000 0.000000 0.000000 0.000000 0.000000 0.700000 0.000000 0.000000 0.000000 0.100000 0.000000 0.000000 0.000000 0.000000
0.000000 0.000000 0.000000 0.000000 0.000000 0.000000 0.100000 0.400000 0.000000 0.000000 0.000000 0.000000 0.000000 0.000000 0.000000 0.000000 0.000000 0.500000 0.000000 0.000000
0.000000 0.000000 0.000000 0.000000 0.000000 0.000000 0.000000 0.000000 0.000000 1.000000 0.000000 0.000000 0.000000 0.000000 0.000000 0.000000 0.000000 0.000000 0.000000 0.000000
0.800000 0.000000 0.000000 0.000000 0.000000 0.000000 0.000000 0.000000 0.000000 0.000000 0.000000 0.000000 0.000000 0.000000 0.000000 0.000000 0.200000 0.000000 0.000000 0.000000
0.000000 0.000000 0.000000 0.000000 0.000000 0.000000 0.000000 0.000000 0.000000 0.000000 0.000000 0.100000 0.000000 0.000000 0.000000 0.000000 0.900000 0.000000 0.000000 0.000000
0.000000 0.000000 0.000000 0.000000 0.000000 0.000000 0.000000 0.000000 0.000000 0.000000 0.000000 0.000000 0.000000 0.000000 0.000000 0.700000 0.300000 0.000000 0.000000 0.000000
0.000000 0.100000 0.000000 0.000000 0.000000 0.000000 0.000000 0.000000 0.000000 0.000000 0.000000 0.200000 0.000000 0.000000 0.000000 0.000000 0.000000 0.700000 0.000000 0.000000
0.700000 0.000000 0.000000 0.000000 0.000000 0.000000 0.000000 0.000000 0.000000 0.000000 0.000000 0.300000 0.000000 0.000000 0.000000 0.000000 0.000000 0.000000 0.000000 0.000000
0.000000 0.000000 0.200000 0.500000 0.000000 0.000000 0.000000 0.000000 0.000000 0.000000 0.000000 0.300000 0.000000 0.000000 0.000000 0.000000 0.000000 0.000000 0.000000 0.000000
0.000000 0.000000 0.000000 0.000000 0.000000 0.000000 0.000000 0.000000 0.000000 0.000000 0.000000 0.200000 0.000000 0.000000 0.000000 0.000000 0.800000 0.000000 0.000000 0.000000
0.000000 0.000000 0.000000 0.100000 0.000000 0.000000 0.000000 0.000000 0.000000 0.000000 0.000000 0.200000 0.000000 0.000000 0.000000 0.000000 0.700000 0.000000 0.000000 0.000000
0.000000 0.000000 0.000000 0.000000 0.000000 0.000000 0.000000 0.000000 0.300000 0.000000 0.000000 0.000000 0.000000 0.700000 0.000000 0.000000 0.000000 0.000000 0.000000 0.000000
0.000000 0.000000 0.000000 0.000000 0.000000 0.000000 0.000000 0.000000 0.000000 0.000000 0.000000 0.000000 0.000000 0.000000 0.000000 0.000000 0.000000 1.000000 0.000000 0.000000
0.700000 0.000000 0.000000 0.000000 0.000000 0.000000 0.000000 0.000000 0.000000 0.000000 0.000000 0.000000 0.000000 0.000000 0.000000 0.000000 0.300000 0.000000 0.000000 0.000000
0.000000 0.000000 0.000000 0.000000 0.000000 0.000000 0.000000 0.000000 0.000000 0.000000 0.000000 0.000000 0.700000 0.000000 0.000000 0.000000 0.000000 0.300000 0.000000 0.000000
0.300000 0.000000 0.000000 0.000000 0.000000 0.700000 0.000000 0.000000 0.000000 0.000000 0.000000 0.000000 0.000000 0.000000 0.000000 0.000000 0.000000 0.000000 0.000000 0.000000