MEME version 4.10.2

ALPHABET= ACDEFGHIKLMNPQRSTVWY

Background letter frequencies (from unknown source):
A 0.054 C 0.004 D 0.055 E 0.071 F 0.031 G 0.111 H 0.011 I 0.054 K 0.076
L 0.059 M 0.038 N 0.039 P 0.049 Q 0.058 R 0.041 S 0.070 T 0.063 V 0.070
W 0.011 Y 0.034

MOTIF 1

letter-probability matrix: alength= 20 w= 20 nsites= 18 E= 5.8e-053
0.000000 0.000000 0.166667 0.222222 0.000000 0.000000 0.000000 0.000000 0.000000 0.000000 0.000000 0.055556 0.111111 0.055556 0.000000 0.000000 0.000000 0.000000 0.000000 0.388889
0.166667 0.000000 0.055556 0.111111 0.000000 0.000000 0.055556 0.000000 0.000000 0.000000 0.000000 0.055556 0.000000 0.000000 0.111111 0.000000 0.222222 0.222222 0.000000 0.000000
0.111111 0.000000 0.000000 0.166667 0.000000 0.000000 0.000000 0.000000 0.277778 0.000000 0.000000 0.111111 0.055556 0.055556 0.111111 0.000000 0.111111 0.000000 0.000000 0.000000
0.055556 0.000000 0.277778 0.055556 0.055556 0.055556 0.000000 0.000000 0.000000 0.111111 0.000000 0.000000 0.388889 0.000000 0.000000 0.000000 0.000000 0.000000 0.000000 0.000000
0.000000 0.000000 0.166667 0.166667 0.000000 0.111111 0.000000 0.000000 0.000000 0.000000 0.055556 0.000000 0.000000 0.000000 0.000000 0.333333 0.055556 0.111111 0.000000 0.000000
0.000000 0.000000 0.000000 0.000000 0.000000 0.000000 0.000000 0.111111 0.000000 0.388889 0.111111 0.000000 0.055556 0.000000 0.000000 0.000000 0.000000 0.333333 0.000000 0.000000
0.000000 0.000000 0.000000 0.000000 0.222222 0.000000 0.000000 0.388889 0.000000 0.000000 0.000000 0.000000 0.000000 0.055556 0.000000 0.000000 0.055556 0.277778 0.000000 0.000000
0.000000 0.000000 0.166667 0.277778 0.000000 0.000000 0.000000 0.055556 0.111111 0.055556 0.000000 0.000000 0.000000 0.166667 0.055556 0.000000 0.000000 0.111111 0.000000 0.000000
0.055556 0.000000 0.000000 0.055556 0.000000 0.000000 0.000000 0.055556 0.055556 0.500000 0.000000 0.000000 0.000000 0.222222 0.055556 0.000000 0.000000 0.000000 0.000000 0.000000
0.000000 0.000000 0.000000 0.055556 0.000000 0.888889 0.000000 0.000000 0.055556 0.000000 0.000000 0.000000 0.000000 0.000000 0.000000 0.000000 0.000000 0.000000 0.000000 0.000000
0.166667 0.000000 0.277778 0.055556 0.000000 0.000000 0.000000 0.000000 0.111111 0.000000 0.000000 0.000000 0.000000 0.000000 0.000000 0.166667 0.055556 0.166667 0.000000 0.000000
0.444444 0.000000 0.000000 0.000000 0.388889 0.000000 0.000000 0.000000 0.000000 0.000000 0.000000 0.000000 0.000000 0.000000 0.000000 0.000000 0.000000 0.166667 0.000000 0.000000
0.055556 0.000000 0.000000 0.000000 0.000000 0.055556 0.000000 0.000000 0.055556 0.000000 0.000000 0.000000 0.000000 0.000000 0.055556 0.722222 0.055556 0.000000 0.000000 0.000000
0.000000 0.000000 0.055556 0.055556 0.000000 0.000000 0.000000 0.000000 0.277778 0.000000 0.000000 0.000000 0.000000 0.055556 0.055556 0.111111 0.055556 0.333333 0.000000 0.000000
0.000000 0.000000 0.000000 0.333333 0.000000 0.000000 0.055556 0.000000 0.277778 0.111111 0.000000 0.000000 0.000000 0.055556 0.000000 0.000000 0.111111 0.055556 0.000000 0.000000
0.000000 0.000000 0.000000 0.000000 0.000000 0.000000 0.000000 0.000000 0.000000 0.000000 0.000000 0.000000 0.000000 0.000000 0.000000 0.000000 1.000000 0.000000 0.000000 0.000000
0.277778 0.000000 0.000000 0.000000 0.000000 0.111111 0.000000 0.000000 0.388889 0.000000 0.055556 0.000000 0.000000 0.166667 0.000000 0.000000 0.000000 0.000000 0.000000 0.000000
0.000000 0.000000 0.000000 0.000000 0.055556 0.888889 0.000000 0.000000 0.000000 0.055556 0.000000 0.000000 0.000000 0.000000 0.000000 0.000000 0.000000 0.000000 0.000000 0.000000
0.055556 0.055556 0.055556 0.055556 0.000000 0.055556 0.000000 0.166667 0.000000 0.111111 0.000000 0.000000 0.111111 0.055556 0.000000 0.055556 0.000000 0.000000 0.000000 0.222222
0.111111 0.055556 0.000000 0.000000 0.222222 0.055556 0.000000 0.000000 0.000000 0.111111 0.055556 0.000000 0.000000 0.166667 0.000000 0.055556 0.055556 0.111111 0.000000 0.000000

log-odds matrix: alength= 20 w= 20 E= 5.8e-053
  -236   -258    153    170   -454   -396   -147   -469   -264   -400   -455     61     95     -1   -276   -257   -307   -429   -484    323
   139    -82      5     63   -269   -324    213   -288   -113   -219   -265     56   -261   -126    128   -136    147    123   -289   -251
    93    -85   -160    106   -273   -327    -16   -293    158   -222   -267    129     -8     12    129   -139     63   -268   -291   -253
    -2   -106    168    -55     26   -144   -136   -332   -254     37   -354   -225    327   -254   -220   -216   -250   -313   -379   -368
  -118    -91    132    112   -281    -30    -36   -290   -135   -229     25   -116   -278   -143   -115    191    -11     37   -306   -269
  -278    -69   -581   -530   -194   -573   -309    113   -519    267    144   -451     -2   -479   -426   -417   -327    213   -333   -352
  -197      2   -494   -445    260   -484   -227    271   -431   -104   -194   -360   -425    -28   -347   -323    -17    190   -284   -284
  -112    -96    130    171   -283   -336    -27    -24     55    -21   -276   -116   -271    128     56   -149   -173     34   -302   -264
     8    -96   -246    -25   -273   -393    -72    -12     -5    282   -254   -178   -328    162     63   -213   -222   -260   -312   -296
  -185   -128   -292   -149   -427    298   -231   -462   -157   -449   -464   -230   -418   -433   -298   -272   -390   -431   -362   -428
   140    -91    195      7   -279   -331    -23   -296     54   -228   -273   -108   -268   -132   -100    103    -10     87   -299   -260
   294    -68   -611   -603    353   -464   -367   -191   -612   -242   -358   -477   -497   -558   -507   -319   -344    126   -407   -348
   -57     44   -332   -396   -305   -227   -198   -356   -168   -317   -349   -149   -326   -366    -81    334     87   -387   -332   -337
  -106    -87      4      1   -275   -329    -18   -294    159   -224   -269   -107   -265     12     59     57    -10    179   -292   -255
  -118    -96   -169    192   -286   -341    214   -299    161     63   -278   -121   -277     10    -88   -155     64    -49   -302   -267
  -487   -297   -645   -729   -616   -652   -487   -622   -691   -619   -662   -536   -619   -669   -592   -419    397   -599   -591   -663
   213   -143   -278   -214   -376    -21    -86   -366    220   -293     33   -196   -360    137    -63   -236   -255   -345   -359   -341
  -191   -132   -302   -386    -36    298   -236   -450   -387   -122   -454   -240   -424   -442   -307   -280   -396   -429   -359   -402
    23    346     -7    -14   -129   -120    -12    121   -141     66   -232   -128     75      0   -114    -18   -169   -211   -236    237
    96    368   -418   -364    256   -119   -152    -80   -352    102     55   -288   -359    120   -271    -36     -9     79   -220   -222