MEME version 4.10.2

ALPHABET= ACDEFGHIKLMNPQRSTVWY

Background letter frequencies (from unknown source):
A 0.167 C 0.037 D 0.040 E 0.046 F 0.043 G 0.040 H 0.015 I 0.043 K 0.003
L 0.053 M 0.046 N 0.034 P 0.062 Q 0.046 R 0.015 S 0.090 T 0.108 V 0.099
W 0.003 Y 0.006

MOTIF 2

letter-probability matrix: alength= 20 w= 27 nsites= 5 E= 2.1e-017
0.000000 0.000000 0.000000 0.200000 0.000000 0.000000 0.000000 0.000000 0.000000 0.000000 0.000000 0.000000 0.000000 0.800000 0.000000 0.000000 0.000000 0.000000 0.000000 0.000000
0.200000 0.000000 0.600000 0.200000 0.000000 0.000000 0.000000 0.000000 0.000000 0.000000 0.000000 0.000000 0.000000 0.000000 0.000000 0.000000 0.000000 0.000000 0.000000 0.000000
0.000000 0.000000 0.000000 0.000000 0.800000 0.000000 0.000000 0.000000 0.000000 0.000000 0.000000 0.000000 0.000000 0.000000 0.000000 0.200000 0.000000 0.000000 0.000000 0.000000
0.800000 0.000000 0.000000 0.000000 0.000000 0.000000 0.000000 0.000000 0.000000 0.000000 0.000000 0.000000 0.000000 0.000000 0.000000 0.000000 0.000000 0.200000 0.000000 0.000000
0.000000 0.000000 0.000000 0.000000 0.000000 0.000000 0.000000 0.000000 0.000000 0.000000 0.000000 1.000000 0.000000 0.000000 0.000000 0.000000 0.000000 0.000000 0.000000 0.000000
0.400000 0.000000 0.000000 0.000000 0.000000 0.000000 0.000000 0.000000 0.000000 0.000000 0.000000 0.000000 0.000000 0.000000 0.000000 0.400000 0.200000 0.000000 0.000000 0.000000
0.200000 0.000000 0.000000 0.000000 0.000000 0.000000 0.000000 0.000000 0.000000 0.000000 0.200000 0.000000 0.000000 0.000000 0.000000 0.000000 0.000000 0.600000 0.000000 0.000000
0.000000 0.000000 0.000000 0.000000 0.200000 0.000000 0.000000 0.000000 0.000000 0.800000 0.000000 0.000000 0.000000 0.000000 0.000000 0.000000 0.000000 0.000000 0.000000 0.000000
0.400000 0.000000 0.000000 0.000000 0.000000 0.000000 0.000000 0.000000 0.000000 0.000000 0.000000 0.000000 0.000000 0.000000 0.000000 0.600000 0.000000 0.000000 0.000000 0.000000
0.200000 0.000000 0.000000 0.000000 0.000000 0.400000 0.200000 0.000000 0.000000 0.000000 0.000000 0.000000 0.000000 0.000000 0.000000 0.200000 0.000000 0.000000 0.000000 0.000000
0.800000 0.000000 0.000000 0.000000 0.000000 0.000000 0.000000 0.200000 0.000000 0.000000 0.000000 0.000000 0.000000 0.000000 0.000000 0.000000 0.000000 0.000000 0.000000 0.000000
0.400000 0.000000 0.200000 0.200000 0.000000 0.000000 0.000000 0.000000 0.000000 0.000000 0.000000 0.000000 0.000000 0.000000 0.000000 0.000000 0.000000 0.200000 0.000000 0.000000
0.200000 0.000000 0.000000 0.000000 0.000000 0.000000 0.000000 0.000000 0.000000 0.000000 0.000000 0.000000 0.600000 0.200000 0.000000 0.000000 0.000000 0.000000 0.000000 0.000000
0.000000 0.000000 0.000000 0.000000 0.000000 1.000000 0.000000 0.000000 0.000000 0.000000 0.000000 0.000000 0.000000 0.000000 0.000000 0.000000 0.000000 0.000000 0.000000 0.000000
0.200000 0.000000 0.000000 0.000000 0.800000 0.000000 0.000000 0.000000 0.000000 0.000000 0.000000 0.000000 0.000000 0.000000 0.000000 0.000000 0.000000 0.000000 0.000000 0.000000
0.000000 0.000000 0.000000 0.000000 0.000000 0.000000 0.400000 0.000000 0.000000 0.000000 0.000000 0.000000 0.000000 0.000000 0.200000 0.000000 0.000000 0.200000 0.000000 0.200000
0.400000 0.000000 0.000000 0.000000 0.000000 0.000000 0.000000 0.000000 0.000000 0.000000 0.000000 0.200000 0.000000 0.000000 0.000000 0.400000 0.000000 0.000000 0.000000 0.000000
0.200000 0.000000 0.800000 0.000000 0.000000 0.000000 0.000000 0.000000 0.000000 0.000000 0.000000 0.000000 0.000000 0.000000 0.000000 0.000000 0.000000 0.000000 0.000000 0.000000
0.400000 0.200000 0.000000 0.000000 0.000000 0.000000 0.200000 0.000000 0.000000 0.000000 0.000000 0.000000 0.000000 0.000000 0.000000 0.200000 0.000000 0.000000 0.000000 0.000000
0.000000 0.000000 0.200000 0.400000 0.000000 0.000000 0.000000 0.000000 0.000000 0.000000 0.000000 0.200000 0.000000 0.000000 0.000000 0.200000 0.000000 0.000000 0.000000 0.000000
0.000000 0.000000 0.000000 0.200000 0.000000 0.000000 0.000000 0.200000 0.000000 0.000000 0.000000 0.000000 0.000000 0.000000 0.000000 0.000000 0.400000 0.200000 0.000000 0.000000
0.000000 0.000000 0.000000 0.000000 0.000000 0.000000 0.000000 0.000000 0.000000 0.000000 0.000000 0.000000 1.000000 0.000000 0.000000 0.000000 0.000000 0.000000 0.000000 0.000000
1.000000 0.000000 0.000000 0.000000 0.000000 0.000000 0.000000 0.000000 0.000000 0.000000 0.000000 0.000000 0.000000 0.000000 0.000000 0.000000 0.000000 0.000000 0.000000 0.000000
0.000000 0.000000 0.000000 0.000000 0.000000 0.000000 0.000000 0.000000 0.000000 0.000000 1.000000 0.000000 0.000000 0.000000 0.000000 0.000000 0.000000 0.000000 0.000000 0.000000
0.600000 0.000000 0.000000 0.000000 0.000000 0.000000 0.000000 0.000000 0.000000 0.000000 0.000000 0.000000 0.000000 0.000000 0.000000 0.000000 0.400000 0.000000 0.000000 0.000000
0.000000 0.000000 0.000000 0.000000 0.000000 0.000000 0.000000 0.000000 0.000000 0.000000 0.000000 0.000000 0.000000 0.000000 0.000000 0.000000 1.000000 0.000000 0.000000 0.000000
0.000000 0.000000 0.000000 0.000000 0.000000 0.000000 0.000000 0.000000 0.000000 0.000000 0.000000 0.000000 1.000000 0.000000 0.000000 0.000000 0.000000 0.000000 0.000000 0.000000

log-odds matrix: alength= 20 w= 27 E= 2.1e-017
  -353   -395   -222     36   -401   -312     56   -302    200   -184   -243   -169   -332    407     -8   -298   -360   -389    -74   -124
  -178   -466    419    113   -413   -243   -158   -339    178   -316   -423    -36   -399   -206   -130   -293   -385   -403   -174   -106
  -418   -320   -373   -370    426   -345   -270   -182      9    -72   -277   -343   -416   -430   -248   -151   -455   -309     50    207
   210   -166   -297   -256   -279    -75   -238   -154    124   -162   -267   -253   -401   -310   -120    -93   -254    -22    -86    -77
  -467   -412   -159   -334   -372   -254    -29   -283    125   -328   -422    468   -406   -274   -155   -209   -339   -425   -107    -92
   100   -214   -259   -250   -328   -100   -213   -257    154   -239   -326   -160   -318   -272    -99    205     55   -260   -124    -86
   -90   -235   -300   -260   -211   -253   -190     66    126    -55     36   -263   -340   -306   -100   -285   -223    267    -80    -39
  -421   -363   -435   -359    108   -383   -252    -19     46    383    -76   -362   -417   -315   -161   -411   -379   -186    -33     25
   110   -214   -287   -287   -363    -85   -249   -302     99   -278   -367   -193   -317   -306   -141    245   -165   -281   -156   -125
   -21   -298   -114   -122   -326    354    251   -265    270   -235   -326    -68   -301   -174    -15     35   -248   -297   -102    -25
   206   -175   -299   -256   -260    -89   -235     86    127   -128   -247   -254   -401   -308   -120   -107   -256   -124    -83    -63
    85   -311    171    202   -286   -122    -60   -185    359   -157   -255    -67   -257    -54     45   -133   -216     18    -83      9
   -92   -367   -204   -170   -331   -198   -163   -260    221   -203   -355   -208    348     51    -54   -198   -283   -316   -159   -106
  -322   -427   -225   -294   -446    448   -254   -405    105   -401   -469   -188   -419   -378   -137   -282   -439   -454   -150   -152
  -226   -316   -378   -370    425   -336   -277   -174      9    -68   -271   -349   -414   -429   -247   -332   -446   -298     46    202
  -329   -315   -166   -160    -74   -221    504   -199    252   -138   -248    -32   -318    -52    216   -212   -279    -72     59    418
   108   -235   -112   -136   -318    -78   -119   -254    249   -223   -317    188   -297   -187    -37    179   -157   -259   -113    -43
  -244   -444    437    -35   -407   -257   -173   -349     87   -338   -450    -26   -453   -313   -176   -316   -423   -423   -166   -110
   170     97   -223   -185   -262    -72    214   -181    208   -159   -259   -174   -338   -226    -59     36   -221   -170    -71    -10
  -269   -416    226    272   -351    -91    -37   -297    333   -244   -344    218   -277    -84     13     67   -235   -348   -139    -13
  -218   -224   -194    116   -147   -185   -103    186    261     -7   -130   -131   -296   -168    -10   -146    128    102      7     73
  -295   -416   -271   -256   -379   -246   -223   -318    146   -258   -419   -278    381   -278   -122   -260   -345   -376   -194   -156
   230   -201   -320   -290   -326    -98   -267   -245     87   -223   -324   -274   -400   -340   -152   -122   -280   -210   -122   -114
  -552   -451   -477   -486   -383   -435   -392   -213    -56   -125    432   -441   -531   -489   -344   -493   -512   -373   -103    -88
   169   -205   -290   -265   -333    -82   -241   -233    116   -230   -326   -213   -327   -294   -129   -101    139   -229   -135   -109
  -334   -323   -303   -337   -366   -270   -250   -226    114   -283   -327   -162   -396   -305   -138    -88    295   -291   -149   -133
  -295   -416   -271   -256   -379   -246   -223   -318    146   -258   -419   -278    381   -278   -122   -260   -345   -376   -194   -156