MEME version 4.11.1

ALPHABET= ACDEFGHIKLMNPQRSTVWY

Background letter frequencies (from unknown source):
A 0.185 C 0.007 D 0.048 E 0.045 F 0.024 G 0.059 H 0.021 I 0.038 K 0.021
L 0.067 M 0.040 N 0.045 P 0.071 Q 0.014 R 0.033 S 0.040 T 0.143 V 0.090
W 0.002 Y 0.005

MOTIF 1

log-odds matrix: alength= 20 w= 25 E= 5.1e-046
  -473   -103   -423   -393    520   -431   -336   -181   -298   -120   -273   -416   -455   -286   -382   -256   -531   -317     75    228
   219     16   -367   -312   -262   -173   -335   -251   -218   -280   -327   -336   -437   -193   -286    -27   -339   -220   -104    -98
  -491   -180   -192   -342   -292   -319    -82   -271   -163   -368   -409    428   -433   -112   -274   -101   -386   -419    -75    -61
    49    -14   -335   -310   -282   -193   -306   -227   -183   -310   -322   -230   -367   -136   -258     22    204   -261   -125   -104
  -349   -282    -16    376   -374   -228   -177   -356    -16   -363   -414    218   -364     43   -186   -111   -365   -404   -204    -77
  -466   -157   -469   -377    -78   -444   -337    -42   -254    370    -98   -428   -456   -173   -293   -320   -452   -209    -48    -19
     7      4   -335   -269   -163   -248   -259     35   -167   -137   -219   -303   -364   -143   -229   -107    -70    258    -68    -30
  -458   -227    421    -56   -335   -343   -240   -349   -232   -391   -452    -84   -501   -182   -313   -238   -498   -433   -138    -87
  -276    -49   -374   -322   -205   -376   -310     55   -227   -153   -261   -379   -416   -221   -278   -255   -322    318   -140   -105
  -249   -143    -75    171   -214   -198    -65   -201    402   -196   -237    -85   -279    311     47    -30    -36   -265    -26     66
  -334   -199   -317   -276   -314   -323   -292   -323   -157   -315   -423   -342    364   -131   -255   -169   -409   -387   -175   -139
  -348   -200   -259   -301   -370    393   -311   -397   -185   -445   -460   -240   -449   -218   -258   -178   -490   -452   -122   -124
  -479   -139   -414   -388   -375   -379   -178   -342     20   -351   -440   -314   -410    -76    476   -280   -498   -508    -41   -118
  -421   -139   -390   -357   -135   -423   -376    417   -217     70   -121   -359   -492   -216   -326   -267   -386     36    -83    -10
  -348   -200   -259   -301   -370    393   -311   -397   -185   -445   -460   -240   -449   -218   -258   -178   -490   -452   -122   -124
    49    -22   -164   -178   -266   -162   -200   -281    -73   -302   -339    135   -337    -58   -184    347   -170   -303   -108    -37
  -439   -220    416     20   -326   -333   -226   -335   -206   -377   -435    -71   -487   -150   -297   -222   -482   -417   -131    -77
   181     44   -341   -290   -253   -138   -314   -247   -197   -273   -313   -293   -389   -160   -265    238   -294   -208    -96    -89
    49    -14   -335   -310   -282   -193   -306   -227   -183   -310   -322   -230   -367   -136   -258     22    204   -261   -125   -104
  -334   -199   -317   -276   -314   -323   -292   -323   -157   -315   -423   -342    364   -131   -255   -169   -409   -387   -175   -139
  -376   -111   -355   -366   -306   -349   -324   -237   -196   -347   -336   -231   -441   -164   -277     -1    260   -308   -135   -122
  -571   -215   -504   -485   -302   -493   -442   -198   -338   -163    452   -484   -554   -322   -459   -381   -555   -364    -67    -52
  -347    -55   -441   -358    -62   -382   -311    247   -231    144    248   -365   -451   -183   -300   -238   -338    166    -19     30
  -376   -111   -355   -366   -306   -349   -324   -237   -196   -347   -336   -231   -441   -164   -277     -1    260   -308   -135   -122
  -334   -199   -317   -276   -314   -323   -292   -323   -157   -315   -423   -342    364   -131   -255   -169   -409   -387   -175   -139


letter-probability matrix: alength= 20 w= 25 nsites= 6 E= 5.1e-046
0.000000 0.000000 0.000000 0.000000 1.000000 0.000000 0.000000 0.000000 0.000000 0.000000 0.000000 0.000000 0.000000 0.000000 0.000000 0.000000 0.000000 0.000000 0.000000 0.000000
1.000000 0.000000 0.000000 0.000000 0.000000 0.000000 0.000000 0.000000 0.000000 0.000000 0.000000 0.000000 0.000000 0.000000 0.000000 0.000000 0.000000 0.000000 0.000000 0.000000
0.000000 0.000000 0.000000 0.000000 0.000000 0.000000 0.000000 0.000000 0.000000 0.000000 0.000000 1.000000 0.000000 0.000000 0.000000 0.000000 0.000000 0.000000 0.000000 0.000000
0.333333 0.000000 0.000000 0.000000 0.000000 0.000000 0.000000 0.000000 0.000000 0.000000 0.000000 0.000000 0.000000 0.000000 0.000000 0.000000 0.666667 0.000000 0.000000 0.000000
0.000000 0.000000 0.000000 0.666667 0.000000 0.000000 0.000000 0.000000 0.000000 0.000000 0.000000 0.333333 0.000000 0.000000 0.000000 0.000000 0.000000 0.000000 0.000000 0.000000
0.000000 0.000000 0.000000 0.000000 0.000000 0.000000 0.000000 0.000000 0.000000 1.000000 0.000000 0.000000 0.000000 0.000000 0.000000 0.000000 0.000000 0.000000 0.000000 0.000000
0.333333 0.000000 0.000000 0.000000 0.000000 0.000000 0.000000 0.000000 0.000000 0.000000 0.000000 0.000000 0.000000 0.000000 0.000000 0.000000 0.166667 0.500000 0.000000 0.000000
0.000000 0.000000 1.000000 0.000000 0.000000 0.000000 0.000000 0.000000 0.000000 0.000000 0.000000 0.000000 0.000000 0.000000 0.000000 0.000000 0.000000 0.000000 0.000000 0.000000
0.000000 0.000000 0.000000 0.000000 0.000000 0.000000 0.000000 0.000000 0.000000 0.000000 0.000000 0.000000 0.000000 0.000000 0.000000 0.000000 0.000000 1.000000 0.000000 0.000000
0.000000 0.000000 0.000000 0.166667 0.000000 0.000000 0.000000 0.000000 0.500000 0.000000 0.000000 0.000000 0.000000 0.166667 0.000000 0.000000 0.166667 0.000000 0.000000 0.000000
0.000000 0.000000 0.000000 0.000000 0.000000 0.000000 0.000000 0.000000 0.000000 0.000000 0.000000 0.000000 1.000000 0.000000 0.000000 0.000000 0.000000 0.000000 0.000000 0.000000
0.000000 0.000000 0.000000 0.000000 0.000000 1.000000 0.000000 0.000000 0.000000 0.000000 0.000000 0.000000 0.000000 0.000000 0.000000 0.000000 0.000000 0.000000 0.000000 0.000000
0.000000 0.000000 0.000000 0.000000 0.000000 0.000000 0.000000 0.000000 0.000000 0.000000 0.000000 0.000000 0.000000 0.000000 1.000000 0.000000 0.000000 0.000000 0.000000 0.000000
0.000000 0.000000 0.000000 0.000000 0.000000 0.000000 0.000000 0.833333 0.000000 0.166667 0.000000 0.000000 0.000000 0.000000 0.000000 0.000000 0.000000 0.000000 0.000000 0.000000
0.000000 0.000000 0.000000 0.000000 0.000000 1.000000 0.000000 0.000000 0.000000 0.000000 0.000000 0.000000 0.000000 0.000000 0.000000 0.000000 0.000000 0.000000 0.000000 0.000000
0.333333 0.000000 0.000000 0.000000 0.000000 0.000000 0.000000 0.000000 0.000000 0.000000 0.000000 0.166667 0.000000 0.000000 0.000000 0.500000 0.000000 0.000000 0.000000 0.000000
0.000000 0.000000 0.833333 0.166667 0.000000 0.000000 0.000000 0.000000 0.000000 0.000000 0.000000 0.000000 0.000000 0.000000 0.000000 0.000000 0.000000 0.000000 0.000000 0.000000
0.666667 0.000000 0.000000 0.000000 0.000000 0.000000 0.000000 0.000000 0.000000 0.000000 0.000000 0.000000 0.000000 0.000000 0.000000 0.333333 0.000000 0.000000 0.000000 0.000000
0.333333 0.000000 0.000000 0.000000 0.000000 0.000000 0.000000 0.000000 0.000000 0.000000 0.000000 0.000000 0.000000 0.000000 0.000000 0.000000 0.666667 0.000000 0.000000 0.000000
0.000000 0.000000 0.000000 0.000000 0.000000 0.000000 0.000000 0.000000 0.000000 0.000000 0.000000 0.000000 1.000000 0.000000 0.000000 0.000000 0.000000 0.000000 0.000000 0.000000
0.000000 0.000000 0.000000 0.000000 0.000000 0.000000 0.000000 0.000000 0.000000 0.000000 0.000000 0.000000 0.000000 0.000000 0.000000 0.000000 1.000000 0.000000 0.000000 0.000000
0.000000 0.000000 0.000000 0.000000 0.000000 0.000000 0.000000 0.000000 0.000000 0.000000 1.000000 0.000000 0.000000 0.000000 0.000000 0.000000 0.000000 0.000000 0.000000 0.000000
0.000000 0.000000 0.000000 0.000000 0.000000 0.000000 0.000000 0.166667 0.000000 0.166667 0.333333 0.000000 0.000000 0.000000 0.000000 0.000000 0.000000 0.333333 0.000000 0.000000
0.000000 0.000000 0.000000 0.000000 0.000000 0.000000 0.000000 0.000000 0.000000 0.000000 0.000000 0.000000 0.000000 0.000000 0.000000 0.000000 1.000000 0.000000 0.000000 0.000000
0.000000 0.000000 0.000000 0.000000 0.000000 0.000000 0.000000 0.000000 0.000000 0.000000 0.000000 0.000000 1.000000 0.000000 0.000000 0.000000 0.000000 0.000000 0.000000 0.000000