MEME version 4.11.1

ALPHABET= ACDEFGHIKLMNPQRSTVWY

Background letter frequencies (from unknown source):
A 0.069 C 0.005 D 0.090 E 0.078 F 0.046 G 0.072 H 0.014 I 0.025 K 0.062
L 0.065 M 0.026 N 0.030 P 0.100 Q 0.048 R 0.032 S 0.072 T 0.080 V 0.046
W 0.010 Y 0.031

MOTIF 1

log-odds matrix: alength= 20 w= 11 E= 1.5e-176
   -86   -127   -387      8     73   -131   -180   -109   -236   -214    160      4   -186     76   -197   -264    134    248    140   -293
  -733   -534   -869   -920   -841   -724   -671   -766   -859   -810   -861   -728   -858   -836   -729   -707    363   -786   -704   -798
  -336   -195   -561   -417   -379   -481     95    119     90    265    201   -318   -582    191     20   -384   -381   -227    142   -371
  -545   -367   -720   -656   -714   -627   -470   -483    399   -611   -594   -485   -716   -588   -184   -622   -621   -603   -533   -631
  -667   -380   -796   -761    192   -716   -260   -456   -680   -467   -522   -512   -799   -597   -541   -631   -686   -530    258    462
  -728   -554   -844   -860   -830   -725   -650   -770   -810   -781   -864   -738    332   -796   -702   -767   -823   -798   -702   -794
  -651   -506   -869   -919   -843   -694   -674   -807   -873   -817   -886   -739   -847   -840   -735    379   -785   -789   -707   -798
  -701   -509    346   -561   -773   -682   -550   -680   -758   -739   -777   -446   -828   -732   -654   -706   -782   -723   -649   -710
   -14   -211   -299   -199   -404    123    190   -255   -156   -309   -283     95   -437     83     19    179   -117   -277    389    -19
  -375   -563    249    246   -740   -500     94   -487   -354   -543   -529   -309   -588   -281   -404   -432   -494   -475   -667   -601
  -114   -596    224    270   -751   -518   -370   -478   -348   -534   -519   -350   -583   -271   -401   -444   -496   -464   -675   -613


letter-probability matrix: alength= 20 w= 11 nsites= 35 E= 1.5e-176
0.028571 0.000000 0.000000 0.085714 0.085714 0.028571 0.000000 0.000000 0.000000 0.000000 0.085714 0.028571 0.028571 0.085714 0.000000 0.000000 0.228571 0.285714 0.028571 0.000000
0.000000 0.000000 0.000000 0.000000 0.000000 0.000000 0.000000 0.000000 0.000000 0.000000 0.000000 0.000000 0.000000 0.000000 0.000000 0.000000 1.000000 0.000000 0.000000 0.000000
0.000000 0.000000 0.000000 0.000000 0.000000 0.000000 0.028571 0.057143 0.114286 0.428571 0.114286 0.000000 0.000000 0.200000 0.028571 0.000000 0.000000 0.000000 0.028571 0.000000
0.000000 0.000000 0.000000 0.000000 0.000000 0.000000 0.000000 0.000000 1.000000 0.000000 0.000000 0.000000 0.000000 0.000000 0.000000 0.000000 0.000000 0.000000 0.000000 0.000000
0.000000 0.000000 0.000000 0.000000 0.171429 0.000000 0.000000 0.000000 0.000000 0.000000 0.000000 0.000000 0.000000 0.000000 0.000000 0.000000 0.000000 0.000000 0.057143 0.771429
0.000000 0.000000 0.000000 0.000000 0.000000 0.000000 0.000000 0.000000 0.000000 0.000000 0.000000 0.000000 1.000000 0.000000 0.000000 0.000000 0.000000 0.000000 0.000000 0.000000
0.000000 0.000000 0.000000 0.000000 0.000000 0.000000 0.000000 0.000000 0.000000 0.000000 0.000000 0.000000 0.000000 0.000000 0.000000 1.000000 0.000000 0.000000 0.000000 0.000000
0.000000 0.000000 1.000000 0.000000 0.000000 0.000000 0.000000 0.000000 0.000000 0.000000 0.000000 0.000000 0.000000 0.000000 0.000000 0.000000 0.000000 0.000000 0.000000 0.000000
0.057143 0.000000 0.000000 0.000000 0.000000 0.200000 0.057143 0.000000 0.000000 0.000000 0.000000 0.057143 0.000000 0.085714 0.028571 0.285714 0.028571 0.000000 0.171429 0.028571
0.000000 0.000000 0.542857 0.428571 0.000000 0.000000 0.028571 0.000000 0.000000 0.000000 0.000000 0.000000 0.000000 0.000000 0.000000 0.000000 0.000000 0.000000 0.000000 0.000000
0.028571 0.000000 0.457143 0.514286 0.000000 0.000000 0.000000 0.000000 0.000000 0.000000 0.000000 0.000000 0.000000 0.000000 0.000000 0.000000 0.000000 0.000000 0.000000 0.000000