MEME version 4.11.1

ALPHABET= ACDEFGHIKLMNPQRSTVWY

Background letter frequencies (from unknown source):
A 0.097 C 0.018 D 0.050 E 0.056 F 0.034 G 0.063 H 0.009 I 0.053 K 0.066
L 0.059 M 0.023 N 0.035 P 0.066 Q 0.070 R 0.053 S 0.088 T 0.089 V 0.057
W 0.007 Y 0.007

MOTIF 1

log-odds matrix: alength= 20 w= 20 E= 7.6e-102
  -484   -351   -513   -514   -367   -509   -315   -255   -287   -154    530   -449   -548   -549   -508   -497   -492   -308   -234   -120
  -274   -218   -333   -337   -314   -379   -152     83    -38   -270   -199   -154    -54   -337   -278    -74    288   -192   -268   -149
  -390   -350   -450   -397   -494   -443   -205   -208    376   -400   -372   -142   -482   -429    -45   -450   -433   -431   -314   -239
  -387   -350   -450   -390   -491   -441   -198   -381    375   -394    -94   -299   -481   -413    -44   -445   -258   -426   -313   -234
  -399   -311   -194   -368   -344   -329     52   -314   -162   -349   -326    461   -423   -336   -330   -209   -315   -351   -237   -125
  -370   -292   -523   -441   -153   -489   -241    221    -21    336    -52   -414   -493   -438   -382   -450   -383   -116   -239   -107
  -372   -393   -419   -277   -484   -398    -75      7    321   -323   -316   -239   -467   -229    225   -370   -374   -372   -305   -167
  -389   -457   -460   -453   -498   -454   -296   -517   -465   -438   -491   -446    386   -505   -460   -428   -486   -467   -447   -328
  -301   -298   -350   -111   -377   -410    122   -340   -289   -214   -161   -206   -367    355   -212   -324   -360   -131   -213   -168
  -413   -397   -444   -227   -472   -478      7   -462   -398   -327   -277   -314   -463    372   -322   -432   -469   -445   -310   -259
   262   -101   -373   -327   -264   -186   -188     -5   -357   -196   -190   -296   -446   -407   -335     73   -262     86   -239   -122
   329   -260   -514   -504   -462   -315   -340   -463   -539   -421   -412   -437   -526   -565   -497   -284   -404   -318   -402   -302
  -389   -457   -460   -453   -498   -454   -296   -517   -465   -438   -491   -446    386   -505   -460   -428   -486   -467   -447   -328
  -319   -302   -508   -492   -373   -488   -315   -104   -527   -246   -301   -470   -528   -585   -483   -494   -387    401   -418   -279
  -292   -300   -298     17   -378   -393    124   -345   -244   -213   -159   -188   -359    343    -80   -173   -346   -325   -211   -160
  -423   -305   -456   -460   -461   -421    -86   -428   -183   -370   -400   -317   -433   -345    413   -430   -469   -481   -239   -218
  -271   -527    -60    345   -496   -349   -138   -418   -204   -356   -341   -220   -383     99   -293    -31   -353     21   -435   -221
  -274   -230   -366   -332   -185   -374   -170    343    -99      0    -56    -17   -434   -384   -324   -318    -44    140   -210    -37
  -275   -218   -437   -392   -223   -399   -206    170   -395   -115   -142    323   -471   -438   -385   -331    128    166   -258    -89
    -8   -211   -416   -440   -417    111   -254   -370   -433   -390   -320   -254   -425   -443   -405     85    265   -279   -363   -254


letter-probability matrix: alength= 20 w= 20 nsites= 12 E= 7.6e-102
0.000000 0.000000 0.000000 0.000000 0.000000 0.000000 0.000000 0.000000 0.083333 0.000000 0.916667 0.000000 0.000000 0.000000 0.000000 0.000000 0.000000 0.000000 0.000000 0.000000
0.000000 0.000000 0.000000 0.000000 0.000000 0.000000 0.000000 0.166667 0.083333 0.000000 0.000000 0.000000 0.083333 0.000000 0.000000 0.000000 0.666667 0.000000 0.000000 0.000000
0.000000 0.000000 0.000000 0.000000 0.000000 0.000000 0.000000 0.083333 0.833333 0.000000 0.000000 0.083333 0.000000 0.000000 0.000000 0.000000 0.000000 0.000000 0.000000 0.000000
0.000000 0.000000 0.000000 0.000000 0.000000 0.000000 0.000000 0.000000 0.833333 0.000000 0.083333 0.000000 0.000000 0.000000 0.000000 0.000000 0.083333 0.000000 0.000000 0.000000
0.000000 0.000000 0.000000 0.000000 0.000000 0.000000 0.000000 0.000000 0.083333 0.000000 0.000000 0.916667 0.000000 0.000000 0.000000 0.000000 0.000000 0.000000 0.000000 0.000000
0.000000 0.000000 0.000000 0.000000 0.000000 0.000000 0.000000 0.333333 0.083333 0.583333 0.000000 0.000000 0.000000 0.000000 0.000000 0.000000 0.000000 0.000000 0.000000 0.000000
0.000000 0.000000 0.000000 0.000000 0.000000 0.000000 0.000000 0.083333 0.583333 0.000000 0.000000 0.000000 0.000000 0.000000 0.333333 0.000000 0.000000 0.000000 0.000000 0.000000
0.000000 0.000000 0.000000 0.000000 0.000000 0.000000 0.000000 0.000000 0.000000 0.000000 0.000000 0.000000 1.000000 0.000000 0.000000 0.000000 0.000000 0.000000 0.000000 0.000000
0.000000 0.000000 0.000000 0.000000 0.000000 0.000000 0.000000 0.000000 0.000000 0.000000 0.000000 0.000000 0.000000 0.916667 0.000000 0.000000 0.000000 0.083333 0.000000 0.000000
0.000000 0.000000 0.000000 0.000000 0.000000 0.000000 0.000000 0.000000 0.000000 0.000000 0.000000 0.000000 0.000000 1.000000 0.000000 0.000000 0.000000 0.000000 0.000000 0.000000
0.500000 0.000000 0.000000 0.000000 0.000000 0.000000 0.000000 0.083333 0.000000 0.000000 0.000000 0.000000 0.000000 0.000000 0.000000 0.250000 0.000000 0.166667 0.000000 0.000000
1.000000 0.000000 0.000000 0.000000 0.000000 0.000000 0.000000 0.000000 0.000000 0.000000 0.000000 0.000000 0.000000 0.000000 0.000000 0.000000 0.000000 0.000000 0.000000 0.000000
0.000000 0.000000 0.000000 0.000000 0.000000 0.000000 0.000000 0.000000 0.000000 0.000000 0.000000 0.000000 1.000000 0.000000 0.000000 0.000000 0.000000 0.000000 0.000000 0.000000
0.000000 0.000000 0.000000 0.000000 0.000000 0.000000 0.000000 0.000000 0.000000 0.000000 0.000000 0.000000 0.000000 0.000000 0.000000 0.000000 0.000000 1.000000 0.000000 0.000000
0.000000 0.000000 0.000000 0.166667 0.000000 0.000000 0.000000 0.000000 0.000000 0.000000 0.000000 0.000000 0.000000 0.666667 0.083333 0.083333 0.000000 0.000000 0.000000 0.000000
0.000000 0.000000 0.000000 0.000000 0.000000 0.000000 0.000000 0.000000 0.000000 0.000000 0.000000 0.000000 0.000000 0.000000 1.000000 0.000000 0.000000 0.000000 0.000000 0.000000
0.000000 0.000000 0.000000 0.666667 0.000000 0.000000 0.000000 0.000000 0.000000 0.000000 0.000000 0.000000 0.000000 0.166667 0.000000 0.083333 0.000000 0.083333 0.000000 0.000000
0.000000 0.000000 0.000000 0.000000 0.000000 0.000000 0.000000 0.500000 0.083333 0.000000 0.000000 0.083333 0.000000 0.000000 0.000000 0.000000 0.166667 0.166667 0.000000 0.000000
0.000000 0.000000 0.000000 0.000000 0.000000 0.000000 0.000000 0.166667 0.000000 0.000000 0.000000 0.416667 0.000000 0.000000 0.000000 0.000000 0.250000 0.166667 0.000000 0.000000
0.083333 0.000000 0.000000 0.000000 0.000000 0.166667 0.000000 0.000000 0.000000 0.000000 0.000000 0.000000 0.000000 0.000000 0.000000 0.166667 0.583333 0.000000 0.000000 0.000000