MEME version 4.11.1

ALPHABET= ACDEFGHIKLMNPQRSTVWY

Background letter frequencies (from unknown source):
A 0.129 C 0.048 D 0.066 E 0.071 F 0.021 G 0.085 H 0.008 I 0.049 K 0.041
L 0.085 M 0.022 N 0.034 P 0.054 Q 0.052 R 0.017 S 0.082 T 0.060 V 0.046
W 0.003 Y 0.026

MOTIF 2

log-odds matrix: alength= 20 w= 18 E= 5.2e-095
  -420   -577   -406   -291   -433   -437    -65   -416    263   -395   -329   -227   -454    305     94   -350    184   -357   -229   -360
  -429   -498   -485   -358   -173   -485   -118   -184    182    304   -108   -302   -443     -9     17   -394   -333   -202   -163   -313
    58   -436   -413   -385   -341   -355   -192   -394   -298   -391   -361   -328    357   -357   -203     27   -278   -297   -280   -433
   -81   -444    212   -341   -440   -311   -166   -533   -337   -546   -469   -144   -431   -390   -275    280   -283   -379   -347   -445
   -28   -324   -384   -318    173   -366    361    -86   -226    126    -84   -238   -352    137   -116   -255   -191     69     13    289
  -600   -607   -672   -635   -236   -629   -362   -260   -542    350   -194   -567   -578   -550   -384   -610   -514   -301   -266   -439
   292   -494   -633   -636   -486   -437   -396   -554   -566   -571   -507   -512   -555   -604   -419   -363   -426   -393   -369   -564
  -581   -695   -253    376   -510   -558   -294   -514   -511   -611   -542   -386   -646   -412   -397   -566   -543   -508   -371   -547
  -600   -607   -672   -635   -236   -629   -362   -260   -542    350   -194   -567   -578   -550   -384   -610   -514   -301   -266   -439
  -260   -329   -368   -410   -262   -356   -157   -349   -255   -378   -280   -139   -345   -364   -138    316    137   -328   -172   -305
  -581   -695   -253    376   -510   -558   -294   -514   -511   -611   -542   -386   -646   -412   -397   -566   -543   -508   -371   -547
  -581   -695   -253    376   -510   -558   -294   -514   -511   -611   -542   -386   -646   -412   -397   -566   -543   -508   -371   -547
   246   -363   -419   -461   -383   -299   -253   -438   -404   -463   -380    223   -437   -450   -290   -213      2   -266   -291   -458
  -478   -491   -608   -520   -104   -594   -268    109   -428    328    -55   -469   -494   -429   -275   -504   -388   -149   -157   -330
  -181   -491   -313   -372   -369    332   -174   -441   -284   -495   -380   -206   -425   -113   -169   -289   -377   -364    267   -380
  -286   -483    131   -165   -280    157     -6   -338    -97    -61   -264    -55   -329     26    -43     53    182   -269   -187   -268
    66   -348   -271   -198   -114   -321    273   -107   -107     46    -96    208   -313     16    -33   -205     10    216    -63   -180
   -23   -531     79    142   -333    216    -68   -369   -127   -375   -294   -149   -349   -181    -87   -245     -8     18   -231   -324


letter-probability matrix: alength= 20 w= 18 nsites= 16 E= 5.2e-095
0.000000 0.000000 0.000000 0.000000 0.000000 0.000000 0.000000 0.000000 0.250000 0.000000 0.000000 0.000000 0.000000 0.500000 0.000000 0.000000 0.250000 0.000000 0.000000 0.000000
0.000000 0.000000 0.000000 0.000000 0.000000 0.000000 0.000000 0.000000 0.187500 0.750000 0.000000 0.000000 0.000000 0.062500 0.000000 0.000000 0.000000 0.000000 0.000000 0.000000
0.250000 0.000000 0.000000 0.000000 0.000000 0.000000 0.000000 0.000000 0.000000 0.000000 0.000000 0.000000 0.625000 0.000000 0.000000 0.125000 0.000000 0.000000 0.000000 0.000000
0.062500 0.000000 0.312500 0.000000 0.000000 0.000000 0.000000 0.000000 0.000000 0.000000 0.000000 0.000000 0.000000 0.000000 0.000000 0.625000 0.000000 0.000000 0.000000 0.000000
0.125000 0.000000 0.000000 0.000000 0.062500 0.000000 0.125000 0.000000 0.000000 0.250000 0.000000 0.000000 0.000000 0.187500 0.000000 0.000000 0.000000 0.062500 0.000000 0.187500
0.000000 0.000000 0.000000 0.000000 0.000000 0.000000 0.000000 0.000000 0.000000 1.000000 0.000000 0.000000 0.000000 0.000000 0.000000 0.000000 0.000000 0.000000 0.000000 0.000000
1.000000 0.000000 0.000000 0.000000 0.000000 0.000000 0.000000 0.000000 0.000000 0.000000 0.000000 0.000000 0.000000 0.000000 0.000000 0.000000 0.000000 0.000000 0.000000 0.000000
0.000000 0.000000 0.000000 1.000000 0.000000 0.000000 0.000000 0.000000 0.000000 0.000000 0.000000 0.000000 0.000000 0.000000 0.000000 0.000000 0.000000 0.000000 0.000000 0.000000
0.000000 0.000000 0.000000 0.000000 0.000000 0.000000 0.000000 0.000000 0.000000 1.000000 0.000000 0.000000 0.000000 0.000000 0.000000 0.000000 0.000000 0.000000 0.000000 0.000000
0.000000 0.000000 0.000000 0.000000 0.000000 0.000000 0.000000 0.000000 0.000000 0.000000 0.000000 0.000000 0.000000 0.000000 0.000000 0.812500 0.187500 0.000000 0.000000 0.000000
0.000000 0.000000 0.000000 1.000000 0.000000 0.000000 0.000000 0.000000 0.000000 0.000000 0.000000 0.000000 0.000000 0.000000 0.000000 0.000000 0.000000 0.000000 0.000000 0.000000
0.000000 0.000000 0.000000 1.000000 0.000000 0.000000 0.000000 0.000000 0.000000 0.000000 0.000000 0.000000 0.000000 0.000000 0.000000 0.000000 0.000000 0.000000 0.000000 0.000000
0.750000 0.000000 0.000000 0.000000 0.000000 0.000000 0.000000 0.000000 0.000000 0.000000 0.000000 0.187500 0.000000 0.000000 0.000000 0.000000 0.062500 0.000000 0.000000 0.000000
0.000000 0.000000 0.000000 0.000000 0.000000 0.000000 0.000000 0.125000 0.000000 0.875000 0.000000 0.000000 0.000000 0.000000 0.000000 0.000000 0.000000 0.000000 0.000000 0.000000
0.062500 0.000000 0.000000 0.000000 0.000000 0.812500 0.000000 0.000000 0.000000 0.000000 0.000000 0.000000 0.000000 0.062500 0.000000 0.000000 0.000000 0.000000 0.062500 0.000000
0.000000 0.000000 0.187500 0.000000 0.000000 0.312500 0.000000 0.000000 0.000000 0.062500 0.000000 0.000000 0.000000 0.062500 0.000000 0.125000 0.250000 0.000000 0.000000 0.000000
0.250000 0.000000 0.000000 0.000000 0.000000 0.000000 0.062500 0.000000 0.000000 0.125000 0.000000 0.187500 0.000000 0.062500 0.000000 0.000000 0.062500 0.250000 0.000000 0.000000
0.125000 0.000000 0.125000 0.187500 0.000000 0.437500 0.000000 0.000000 0.000000 0.000000 0.000000 0.000000 0.000000 0.000000 0.000000 0.000000 0.062500 0.062500 0.000000 0.000000