MEME version 4.11.1

ALPHABET= ACDEFGHIKLMNPQRSTVWY

Background letter frequencies (from unknown source):
A 0.097 C 0.018 D 0.050 E 0.056 F 0.034 G 0.063 H 0.009 I 0.053 K 0.066
L 0.059 M 0.023 N 0.035 P 0.066 Q 0.070 R 0.053 S 0.088 T 0.089 V 0.057
W 0.007 Y 0.007

MOTIF 2

log-odds matrix: alength= 20 w= 15 E= 1.2e-033
  -139   -176   -140    -76    115     29    309    151    -89    -82    -77    -72   -275     32   -117    135   -158    -80   -133     75
  -214   -164   -367   -292   -108   -321    -95    219   -268    288    -16   -248   -371   -316     29    -36   -230    -23   -138     17
  -193   -144   -329   -272    237    115     37     92   -282    -50    -59   -218   -353   -316   -257   -239     76    -51    329    438
  -140   -256    162    -28   -235     34    313   -238    -43     45   -150    -17   -255   -108    155     90   -164   -188   -183     22
  -150   -232   -113     89    263   -208     62   -191    -65   -142   -130    -55   -271    115    -98     87   -176   -155    318    153
     6    294   -193   -124   -108   -231     14    -58   -134     87    -46   -115     18   -189    148   -167      5    -40   -113    344
  -136   -200    153    -50   -176   -203    397     62    -63   -106    -96    -55   -264   -125     75   -129     81     62   -148     43
  -315   -395   -394   -380   -433   -395   -231   -445   -393   -368   -418   -377    382   -434   -392   -355   -414   -395   -394   -267
  -404   -257   -452   -447    473   -459   -231   -254   -484   -128   -221   -404   -466   -540   -471   -392   -488   -277   -112    141
   301    -91   -366   -329   -298   -163   -198   -286   -366   -246   -227   -288   -427   -410   -339      0   -254   -131   -255   -154
  -251   -331   -264   -328     10    379   -179   -437   -344   -421   -375   -201   -442   -447   -323   -288   -422   -381   -276   -154
  -386   -376    417   -109   -405   -371   -132   -417   -418   -392   -394    -70   -508   -435   -400   -372   -453   -388   -319   -170
  -354   -353    410    -81   -382   -340   -103   -392   -384   -369   -368    -38   -486   -403   -373   -188   -419   -362   -300   -145
   301   -108   -323   -316   -309   -174   -186   -299   -355   -260   -242     80   -429   -404   -338   -129   -264   -148   -266   -155
  -515   -541   -198    410   -563   -502   -300   -302   -538   -532   -527   -375   -651   -432   -538   -554   -579   -508   -473   -352


letter-probability matrix: alength= 20 w= 15 nsites= 9 E= 1.2e-033
0.000000 0.000000 0.000000 0.000000 0.111111 0.111111 0.111111 0.222222 0.000000 0.000000 0.000000 0.000000 0.000000 0.111111 0.000000 0.333333 0.000000 0.000000 0.000000 0.000000
0.000000 0.000000 0.000000 0.000000 0.000000 0.000000 0.000000 0.333333 0.000000 0.444444 0.000000 0.000000 0.000000 0.000000 0.111111 0.111111 0.000000 0.000000 0.000000 0.000000
0.000000 0.000000 0.000000 0.000000 0.222222 0.222222 0.000000 0.111111 0.000000 0.000000 0.000000 0.000000 0.000000 0.000000 0.000000 0.000000 0.222222 0.000000 0.111111 0.111111
0.000000 0.000000 0.222222 0.000000 0.000000 0.111111 0.111111 0.000000 0.000000 0.111111 0.000000 0.000000 0.000000 0.000000 0.222222 0.222222 0.000000 0.000000 0.000000 0.000000
0.000000 0.000000 0.000000 0.111111 0.333333 0.000000 0.000000 0.000000 0.000000 0.000000 0.000000 0.000000 0.000000 0.222222 0.000000 0.222222 0.000000 0.000000 0.111111 0.000000
0.111111 0.222222 0.000000 0.000000 0.000000 0.000000 0.000000 0.000000 0.000000 0.111111 0.000000 0.000000 0.111111 0.000000 0.222222 0.000000 0.111111 0.000000 0.000000 0.111111
0.000000 0.000000 0.222222 0.000000 0.000000 0.000000 0.222222 0.111111 0.000000 0.000000 0.000000 0.000000 0.000000 0.000000 0.111111 0.000000 0.222222 0.111111 0.000000 0.000000
0.000000 0.000000 0.000000 0.000000 0.000000 0.000000 0.000000 0.000000 0.000000 0.000000 0.000000 0.000000 1.000000 0.000000 0.000000 0.000000 0.000000 0.000000 0.000000 0.000000
0.000000 0.000000 0.000000 0.000000 1.000000 0.000000 0.000000 0.000000 0.000000 0.000000 0.000000 0.000000 0.000000 0.000000 0.000000 0.000000 0.000000 0.000000 0.000000 0.000000
0.888889 0.000000 0.000000 0.000000 0.000000 0.000000 0.000000 0.000000 0.000000 0.000000 0.000000 0.000000 0.000000 0.000000 0.000000 0.111111 0.000000 0.000000 0.000000 0.000000
0.000000 0.000000 0.000000 0.000000 0.111111 0.888889 0.000000 0.000000 0.000000 0.000000 0.000000 0.000000 0.000000 0.000000 0.000000 0.000000 0.000000 0.000000 0.000000 0.000000
0.000000 0.000000 1.000000 0.000000 0.000000 0.000000 0.000000 0.000000 0.000000 0.000000 0.000000 0.000000 0.000000 0.000000 0.000000 0.000000 0.000000 0.000000 0.000000 0.000000
0.000000 0.000000 0.888889 0.000000 0.000000 0.000000 0.000000 0.000000 0.000000 0.000000 0.000000 0.000000 0.000000 0.000000 0.000000 0.111111 0.000000 0.000000 0.000000 0.000000
0.888889 0.000000 0.000000 0.000000 0.000000 0.000000 0.000000 0.000000 0.000000 0.000000 0.000000 0.111111 0.000000 0.000000 0.000000 0.000000 0.000000 0.000000 0.000000 0.000000
0.000000 0.000000 0.000000 0.888889 0.000000 0.000000 0.000000 0.111111 0.000000 0.000000 0.000000 0.000000 0.000000 0.000000 0.000000 0.000000 0.000000 0.000000 0.000000 0.000000