MEME version 4.11.1

ALPHABET= ACDEFGHIKLMNPQRSTVWY

Background letter frequencies (from unknown source):
A 0.129 C 0.048 D 0.066 E 0.071 F 0.021 G 0.085 H 0.008 I 0.049 K 0.041
L 0.085 M 0.022 N 0.034 P 0.054 Q 0.052 R 0.017 S 0.082 T 0.060 V 0.046
W 0.003 Y 0.026

MOTIF 1

log-odds matrix: alength= 20 w= 20 E= 1.3e-185
  -544   -514   -572   -575   -318   -565   -317   -262   -457   -225    540   -467   -534   -534   -387   -507   -455   -296   -142   -320
  -408   -510    366    -76   -328   -395    -93   -391   -325   -433   -371     85   -468   -369   -221   -337   -373   -343   -201   -337
  -472   -530   -532   -482   -463   -519   -232   -413    450   -495   -408   -342   -487   -442     76   -485   -419   -445   -240   -458
  -440   -505   -502   -435   -439   -494   -188   -382    445   -459   -372   -304   -461   -182    110   -447   -383   -409   -213   -426
  -552   -561   -357   -527   -386   -475    -50   -422   -375   -512   -437    478   -495   -415   -290   -321   -377   -437   -233   -415
  -471   -498   -582   -560   -165   -602   -348    391   -454    103   -110   -459   -565   -519   -361   -510   -373      8   -216   -356
  -426   -456   -603   -519   -105   -547   -249    212   -422    261    228   -439   -495   -437   -280     25   -342   -129   -142   -303
  -522   -674   -580   -577   -509   -566   -354   -595   -485   -575   -572   -524    418   -549   -380   -508   -516   -526   -397   -580
  -494   -615   -315   -348   -452   -424   -107   -569   -294   -526   -443    274   -496    378   -209   -370   -413   -509   -312   -433
  -205   -440   -386   -157   -317   -432    124   -338   -216   -149   -165   -208     13    385    -56   -303   -297   -297   -116   -356
   149   -400   -497   -510   -445    248   -310   -516   -451   -538   -447   -346   -440    113   -323   -245   -296   -339   -341   -513
  -112   -569   -413   -280   -438   -440    -64   -419    288   -396   -328   -239   -454    337     90   -353   -328   -357   -230   -366
  -522   -674   -580   -577   -509   -566   -354   -595   -485   -575   -572   -524    418   -549   -380   -508   -516   -526   -397   -580
  -303   -389   -510   -473   -256   -532   -260     77   -409   -236   -229   -425   -466   -500   -275   -455   -268    418   -291   -437
  -238   -372     59     -8    215   -315     -7    258    -87   -175   -114     73   -306     98    -20   -197   -162    129    -79   -190
  -497   -482   -527   -529   -427   -493   -101   -450   -149   -456   -426   -346   -435   -337    578   -454   -444   -484   -162   -431
  -259   -312   -455   -375    -78     23   -101    219   -273     62    -64   -271   -371   -325   -150     36     88    230    -45   -176
  -338   -395   -433   -453   -295   -448   -200     85   -304   -362   -238   -200     59   -363   -198   -105    357   -181   -211   -389
   -31   -407   -237   -180   -228   -320    -18      1    -88   -289   -195     72   -315    177    -23    133    217   -189   -139   -249
  -420   -590   -428   -489   -467    350   -279   -554   -401   -593   -496   -325   -518   -525   -282   -405   -485   -478   -285   -483


letter-probability matrix: alength= 20 w= 20 nsites= 16 E= 1.3e-185
0.000000 0.000000 0.000000 0.000000 0.000000 0.000000 0.000000 0.000000 0.000000 0.000000 1.000000 0.000000 0.000000 0.000000 0.000000 0.000000 0.000000 0.000000 0.000000 0.000000
0.000000 0.000000 0.750000 0.062500 0.000000 0.000000 0.000000 0.000000 0.000000 0.000000 0.000000 0.187500 0.000000 0.000000 0.000000 0.000000 0.000000 0.000000 0.000000 0.000000
0.000000 0.000000 0.000000 0.000000 0.000000 0.000000 0.000000 0.000000 1.000000 0.000000 0.000000 0.000000 0.000000 0.000000 0.000000 0.000000 0.000000 0.000000 0.000000 0.000000
0.000000 0.000000 0.000000 0.000000 0.000000 0.000000 0.000000 0.000000 0.937500 0.000000 0.000000 0.000000 0.000000 0.062500 0.000000 0.000000 0.000000 0.000000 0.000000 0.000000
0.000000 0.000000 0.000000 0.000000 0.000000 0.000000 0.000000 0.000000 0.000000 0.000000 0.000000 1.000000 0.000000 0.000000 0.000000 0.000000 0.000000 0.000000 0.000000 0.000000
0.000000 0.000000 0.000000 0.000000 0.000000 0.000000 0.000000 0.812500 0.000000 0.187500 0.000000 0.000000 0.000000 0.000000 0.000000 0.000000 0.000000 0.000000 0.000000 0.000000
0.000000 0.000000 0.000000 0.000000 0.000000 0.000000 0.000000 0.250000 0.000000 0.500000 0.125000 0.000000 0.000000 0.000000 0.000000 0.125000 0.000000 0.000000 0.000000 0.000000
0.000000 0.000000 0.000000 0.000000 0.000000 0.000000 0.000000 0.000000 0.000000 0.000000 0.000000 0.000000 1.000000 0.000000 0.000000 0.000000 0.000000 0.000000 0.000000 0.000000
0.000000 0.000000 0.000000 0.000000 0.000000 0.000000 0.000000 0.000000 0.000000 0.000000 0.000000 0.250000 0.000000 0.750000 0.000000 0.000000 0.000000 0.000000 0.000000 0.000000
0.062500 0.000000 0.000000 0.000000 0.000000 0.000000 0.000000 0.000000 0.000000 0.062500 0.000000 0.000000 0.187500 0.687500 0.000000 0.000000 0.000000 0.000000 0.000000 0.000000
0.375000 0.000000 0.000000 0.000000 0.000000 0.500000 0.000000 0.000000 0.000000 0.000000 0.000000 0.000000 0.000000 0.125000 0.000000 0.000000 0.000000 0.000000 0.000000 0.000000
0.062500 0.000000 0.000000 0.000000 0.000000 0.000000 0.000000 0.000000 0.312500 0.000000 0.000000 0.000000 0.000000 0.625000 0.000000 0.000000 0.000000 0.000000 0.000000 0.000000
0.000000 0.000000 0.000000 0.000000 0.000000 0.000000 0.000000 0.000000 0.000000 0.000000 0.000000 0.000000 1.000000 0.000000 0.000000 0.000000 0.000000 0.000000 0.000000 0.000000
0.000000 0.000000 0.000000 0.000000 0.000000 0.000000 0.000000 0.062500 0.000000 0.000000 0.000000 0.000000 0.000000 0.000000 0.000000 0.000000 0.000000 0.937500 0.000000 0.000000
0.000000 0.000000 0.125000 0.062500 0.125000 0.000000 0.000000 0.375000 0.000000 0.000000 0.000000 0.062500 0.000000 0.125000 0.000000 0.000000 0.000000 0.125000 0.000000 0.000000
0.000000 0.000000 0.000000 0.000000 0.000000 0.000000 0.000000 0.000000 0.000000 0.000000 0.000000 0.000000 0.000000 0.000000 1.000000 0.000000 0.000000 0.000000 0.000000 0.000000
0.000000 0.000000 0.000000 0.000000 0.000000 0.125000 0.000000 0.250000 0.000000 0.125000 0.000000 0.000000 0.000000 0.000000 0.000000 0.125000 0.125000 0.250000 0.000000 0.000000
0.000000 0.000000 0.000000 0.000000 0.000000 0.000000 0.000000 0.125000 0.000000 0.000000 0.000000 0.000000 0.125000 0.000000 0.000000 0.000000 0.750000 0.000000 0.000000 0.000000
0.125000 0.000000 0.000000 0.000000 0.000000 0.000000 0.000000 0.062500 0.000000 0.000000 0.000000 0.062500 0.000000 0.250000 0.000000 0.250000 0.250000 0.000000 0.000000 0.000000
0.000000 0.000000 0.000000 0.000000 0.000000 1.000000 0.000000 0.000000 0.000000 0.000000 0.000000 0.000000 0.000000 0.000000 0.000000 0.000000 0.000000 0.000000 0.000000 0.000000