MEME version 4.11.1

ALPHABET= ACDEFGHIKLMNPQRSTVWY

Background letter frequencies (from unknown source):
A 0.129 C 0.048 D 0.066 E 0.071 F 0.021 G 0.085 H 0.008 I 0.049 K 0.041
L 0.085 M 0.022 N 0.034 P 0.054 Q 0.052 R 0.017 S 0.082 T 0.060 V 0.046
W 0.003 Y 0.026

MOTIF 3

log-odds matrix: alength= 20 w= 7 E= 1.5e-006
  -215   -310   -320   -357   -241   -292   -123   -329   -232   -356   -270   -125   -317   -330   -120    325     45   -277   -148   -280
  -406   -365   -457   -445    533   -471   -171   -201   -377   -140   -172   -361   -403   -458   -272   -345   -391   -204     36      1
  -352   -397   -430   -414   -129   -456   -220    388   -304    -34    -46   -312   -441   -400   -223   -361   -252    137   -138   -247
  -449    432   -552   -508   -375   -559   -296   -391   -479   -462   -374   -443   -545   -533   -314   -476   -392   -409   -336   -489
  -215   -310   -320   -357   -241   -292   -123   -329   -232   -356   -270   -125   -317   -330   -120    325     45   -277   -148   -280
  -193   -295   -391   -353   -158   -399   -131     47   -286   -158   -143   -306   -347   -374   -150   -325   -166    406   -160   -314
  -392   -492    372   -109   -309   -381    -80   -373   -310   -414   -354    -33   -448   -354   -204   -326   -360   -325   -181   -320


letter-probability matrix: alength= 20 w= 7 nsites= 4 E= 1.5e-006
0.000000 0.000000 0.000000 0.000000 0.000000 0.000000 0.000000 0.000000 0.000000 0.000000 0.000000 0.000000 0.000000 0.000000 0.000000 1.000000 0.000000 0.000000 0.000000 0.000000
0.000000 0.000000 0.000000 0.000000 1.000000 0.000000 0.000000 0.000000 0.000000 0.000000 0.000000 0.000000 0.000000 0.000000 0.000000 0.000000 0.000000 0.000000 0.000000 0.000000
0.000000 0.000000 0.000000 0.000000 0.000000 0.000000 0.000000 1.000000 0.000000 0.000000 0.000000 0.000000 0.000000 0.000000 0.000000 0.000000 0.000000 0.000000 0.000000 0.000000
0.000000 1.000000 0.000000 0.000000 0.000000 0.000000 0.000000 0.000000 0.000000 0.000000 0.000000 0.000000 0.000000 0.000000 0.000000 0.000000 0.000000 0.000000 0.000000 0.000000
0.000000 0.000000 0.000000 0.000000 0.000000 0.000000 0.000000 0.000000 0.000000 0.000000 0.000000 0.000000 0.000000 0.000000 0.000000 1.000000 0.000000 0.000000 0.000000 0.000000
0.000000 0.000000 0.000000 0.000000 0.000000 0.000000 0.000000 0.000000 0.000000 0.000000 0.000000 0.000000 0.000000 0.000000 0.000000 0.000000 0.000000 1.000000 0.000000 0.000000
0.000000 0.000000 1.000000 0.000000 0.000000 0.000000 0.000000 0.000000 0.000000 0.000000 0.000000 0.000000 0.000000 0.000000 0.000000 0.000000 0.000000 0.000000 0.000000 0.000000