MEME version 4.11.1

ALPHABET= ACDEFGHIKLMNPQRSTVWY

Background letter frequencies (from unknown source):
A 0.129 C 0.048 D 0.066 E 0.071 F 0.021 G 0.085 H 0.008 I 0.049 K 0.041
L 0.085 M 0.022 N 0.034 P 0.054 Q 0.052 R 0.017 S 0.082 T 0.060 V 0.046
W 0.003 Y 0.026

MOTIF 3

log-odds matrix: alength= 20 w= 11 E= 2.2e-085
  -275   -340   -378   -418   -265   -192   -165   -346   -262    -64    -22   -147   -355   -372   -145    305    118   -329   -177   -310
   166   -371   -420   -352   -198   -100    453   -190   -263    -74   -183   -284    -49   -333   -171   -254    134     20   -150   -281
    13    323   -644   -626   -447   -372   -384   -459   -564   -517   -440   -454    -34   -555   -400   -288    206     89   -368   -539
    86   -387   -510   -440    195    -13   -143    138   -340   -206   -153   -334    207   -390   -219   -326   -255   -114    -80    260
  -288    316   -582   -588   -432   -384   -341   -443   -483   -515     84   -372   -479   -507   -348     18    271   -329   -342   -520
    59   -366   -514   -433    244   -431   -155    249   -330     26    188   -329   -425   -379   -205   -330   -233     46    -94    213
  -458    432   -562   -517   -386   -571   -307   -402   -490   -473   -383   -453   -556   -543   -324   -376   -400   -421   -349   -502
   210   -443   -647   -645   -502   -376   -408   -573   -591   -595   -503   -462   -492   -573   -420    235   -344   -385   -403   -587
  -695   -639   -691   -687    399   -679   -117   -494   -563   -448   -444   -474   -651   -554   -394   -592   -586   -475     -6    462
  -421   -519    374   -135   -336   -414   -107   -399   -345   -441   -379     -5   -483   -388   -234   -356   -390   -351   -209   -347
  -340   -527   -129   -407   -404    342   -208   -478   -320   -530   -416   -240   -459   -450   -205   -325   -413   -401   -222   -415


letter-probability matrix: alength= 20 w= 11 nsites= 23 E= 2.2e-085
0.000000 0.000000 0.000000 0.000000 0.000000 0.043478 0.000000 0.000000 0.000000 0.130435 0.043478 0.000000 0.000000 0.000000 0.000000 0.652174 0.130435 0.000000 0.000000 0.000000
0.434783 0.000000 0.000000 0.000000 0.000000 0.043478 0.217391 0.000000 0.000000 0.043478 0.000000 0.000000 0.043478 0.000000 0.000000 0.000000 0.173913 0.043478 0.000000 0.000000
0.130435 0.478261 0.000000 0.000000 0.000000 0.000000 0.000000 0.000000 0.000000 0.000000 0.000000 0.000000 0.043478 0.000000 0.000000 0.000000 0.260870 0.086957 0.000000 0.000000
0.260870 0.000000 0.000000 0.000000 0.086957 0.086957 0.000000 0.130435 0.000000 0.000000 0.000000 0.000000 0.260870 0.000000 0.000000 0.000000 0.000000 0.000000 0.000000 0.173913
0.000000 0.478261 0.000000 0.000000 0.000000 0.000000 0.000000 0.000000 0.000000 0.000000 0.043478 0.000000 0.000000 0.000000 0.000000 0.086957 0.391304 0.000000 0.000000 0.000000
0.217391 0.000000 0.000000 0.000000 0.130435 0.000000 0.000000 0.304348 0.000000 0.086957 0.086957 0.000000 0.000000 0.000000 0.000000 0.000000 0.000000 0.043478 0.000000 0.130435
0.000000 0.956522 0.000000 0.000000 0.000000 0.000000 0.000000 0.000000 0.000000 0.000000 0.000000 0.000000 0.000000 0.000000 0.000000 0.043478 0.000000 0.000000 0.000000 0.000000
0.565217 0.000000 0.000000 0.000000 0.000000 0.000000 0.000000 0.000000 0.000000 0.000000 0.000000 0.000000 0.000000 0.000000 0.000000 0.434783 0.000000 0.000000 0.000000 0.000000
0.000000 0.000000 0.000000 0.000000 0.347826 0.000000 0.000000 0.000000 0.000000 0.000000 0.000000 0.000000 0.000000 0.000000 0.000000 0.000000 0.000000 0.000000 0.000000 0.652174
0.000000 0.000000 0.956522 0.000000 0.000000 0.000000 0.000000 0.000000 0.000000 0.000000 0.000000 0.043478 0.000000 0.000000 0.000000 0.000000 0.000000 0.000000 0.000000 0.000000
0.000000 0.000000 0.043478 0.000000 0.000000 0.956522 0.000000 0.000000 0.000000 0.000000 0.000000 0.000000 0.000000 0.000000 0.000000 0.000000 0.000000 0.000000 0.000000 0.000000