MEME version 4.11.1

ALPHABET= ACDEFGHIKLMNPQRSTVWY

Background letter frequencies (from unknown source):
A 0.097 C 0.018 D 0.050 E 0.056 F 0.034 G 0.063 H 0.009 I 0.053 K 0.066
L 0.059 M 0.023 N 0.035 P 0.066 Q 0.070 R 0.053 S 0.088 T 0.089 V 0.057
W 0.007 Y 0.007

MOTIF 3

log-odds matrix: alength= 20 w= 11 E= 1.5e-009
    43   -146   -304   -310   -300   -233   -139   -226   -295   -261   -195   -140   -350   -326   -282    -46    292   -168   -252   -134
  -196   -187   -309   -356   -332   -270   -169   -369   -331   -330   -305   -156   -370   -403   -310    322    -38   -334   -280   -124
  -196   -187   -309   -356   -332   -270   -169   -369   -331   -330   -305   -156   -370   -403   -310    322    -38   -334   -280   -124
  -198   -298    -36    321   -297   -280    -75   -144   -155   -183   -198   -163   -329   -161   -224   -244   -265    211   -291    -94
   250   -100   -321   -315   -320    223   -177   -315   -357   -277   -255   -229   -353   -383   -328   -111   -224   -169   -269   -155
  -243   -319   -256   -320   -410    383   -172   -433   -336   -417   -371   -193   -428   -438   -314   -279   -411   -375   -274   -176
  -255   -215   -334   -363   -329   -335   -169   -254   -327   -299   -228   -166   -406   -365   -315    -85    323   -212   -273   -157
  -243   -319   -256   -320   -410    383   -172   -433   -336   -417   -371   -193   -428   -438   -314   -279   -411   -375   -274   -176
  -355   -271   -460   -389   -113   -439   -193    -73   -398    385     -3   -375   -430   -387   -343   -415   -367   -125   -195    -65
  -255   -215   -334   -363   -329   -335   -169   -254   -327   -299   -228   -166   -406   -365   -315    -85    323   -212   -273   -157
  -216   -308   -301   -282   -342   -311   -141   -347   -295   -274   -321   -282    372   -338   -299   -258   -318   -297   -318   -180


letter-probability matrix: alength= 20 w= 11 nsites= 5 E= 1.5e-009
0.200000 0.000000 0.000000 0.000000 0.000000 0.000000 0.000000 0.000000 0.000000 0.000000 0.000000 0.000000 0.000000 0.000000 0.000000 0.000000 0.800000 0.000000 0.000000 0.000000
0.000000 0.000000 0.000000 0.000000 0.000000 0.000000 0.000000 0.000000 0.000000 0.000000 0.000000 0.000000 0.000000 0.000000 0.000000 1.000000 0.000000 0.000000 0.000000 0.000000
0.000000 0.000000 0.000000 0.000000 0.000000 0.000000 0.000000 0.000000 0.000000 0.000000 0.000000 0.000000 0.000000 0.000000 0.000000 1.000000 0.000000 0.000000 0.000000 0.000000
0.000000 0.000000 0.000000 0.600000 0.000000 0.000000 0.000000 0.000000 0.000000 0.000000 0.000000 0.000000 0.000000 0.000000 0.000000 0.000000 0.000000 0.400000 0.000000 0.000000
0.600000 0.000000 0.000000 0.000000 0.000000 0.400000 0.000000 0.000000 0.000000 0.000000 0.000000 0.000000 0.000000 0.000000 0.000000 0.000000 0.000000 0.000000 0.000000 0.000000
0.000000 0.000000 0.000000 0.000000 0.000000 1.000000 0.000000 0.000000 0.000000 0.000000 0.000000 0.000000 0.000000 0.000000 0.000000 0.000000 0.000000 0.000000 0.000000 0.000000
0.000000 0.000000 0.000000 0.000000 0.000000 0.000000 0.000000 0.000000 0.000000 0.000000 0.000000 0.000000 0.000000 0.000000 0.000000 0.000000 1.000000 0.000000 0.000000 0.000000
0.000000 0.000000 0.000000 0.000000 0.000000 1.000000 0.000000 0.000000 0.000000 0.000000 0.000000 0.000000 0.000000 0.000000 0.000000 0.000000 0.000000 0.000000 0.000000 0.000000
0.000000 0.000000 0.000000 0.000000 0.000000 0.000000 0.000000 0.000000 0.000000 1.000000 0.000000 0.000000 0.000000 0.000000 0.000000 0.000000 0.000000 0.000000 0.000000 0.000000
0.000000 0.000000 0.000000 0.000000 0.000000 0.000000 0.000000 0.000000 0.000000 0.000000 0.000000 0.000000 0.000000 0.000000 0.000000 0.000000 1.000000 0.000000 0.000000 0.000000
0.000000 0.000000 0.000000 0.000000 0.000000 0.000000 0.000000 0.000000 0.000000 0.000000 0.000000 0.000000 1.000000 0.000000 0.000000 0.000000 0.000000 0.000000 0.000000 0.000000