MEME version 4.11.1

ALPHABET= ACDEFGHIKLMNPQRSTVWY

Background letter frequencies (from unknown source):
A 0.114 C 0.025 D 0.054 E 0.101 F 0.031 G 0.074 H 0.011 I 0.048 K 0.051
L 0.093 M 0.020 N 0.038 P 0.026 Q 0.075 R 0.023 S 0.075 T 0.061 V 0.059
W 0.006 Y 0.016

MOTIF 2

log-odds matrix: alength= 20 w= 21 E= 5.1e-345
   -83   -462   -273   -279   -376   -384   -124   -120    100   -389     91    292    -34      8   -127    142     65    -55   -320   -248
   -49   -469    -34    -60   -383   -380    189    -35     41    -31   -283     68   -284   -277     22    175    109     33   -322     36
    55   -470   -267     43   -384     -1    473     19    -62   -398   -284     20    -34   -141     22    -23   -119   -140   -322   -248
   -49   -470     51   -273    -68   -173   -120   -123    -62   -397      1    -53    -34     60    378    100   -119    -57   -322   -248
  -197   -445     50   -292    -65   -392    103     62    -69   -115   -264   -226   -295    237    203     38   -275     37   -313   -247
  -235   -753   -248    234   -704   -514   -335   -634   -376   -649   -549    260   -444   -170   -398   -452    164   -569   -637   -525
  -672   -597   -827   -821   -313   -798   -534   -286   -710    337     23   -725   -616   -704   -559   -738   -605   -385   -417   -439
  -314   -300   -385   -514   -378   -404   -258   -410   -343   -454   -327    -25   -306   -475    -58    344     45   -432   -324   -293
  -549   -854    347    192   -770   -611   -425   -677   -430   -689   -591   -473   -492   -449   -460   -552   -560   -610   -678   -604
    59   -809    259    170   -711   -558   -360   -607   -359   -621   -517   -415   -433   -382    170    -37   -490   -156   -638   -540
  -485   -878    117    250   -742   -574   -377   -615   -364   -223   -526   -439   -437    171    -22   -500   -503   -546   -665   -564
  -920   -808   -867  -1015   -629   -808   -679   -624   -898    343   -553   -862   -726   -941   -739   -909   -853   -714   -644   -683
  -238   -852    -22    302   -731   -573   -376   -610   -369    -34   -527   -439   -440   -170   -404   -503   -505   -546   -652   -561
   106   -455   -545   -231   -610    273   -431   -614   -526   -221   -535   -451   -468   -614    -21    107    -57   -505   -542   -532
   -97   -430   -625   -667   -445   -655   -451    170   -583   -116   -345   -580   -506   -696   -465   -585   -409    363   -523   -502
   287   -240   -478   -509   -380   -296     51   -364   -422   -403   -294   -409   -427   -524   -319    -31   -312    -55   -330   -358
  -783   -792   -748   -900   -809    374   -630   -896   -789   -894   -838   -710   -689   -905   -662   -761   -820   -862   -660   -712
  -165   -496   -406   -543   -538    365   -338   -555   -436   -621   -480   -340   -433   -585   -333   -384   -483   -509   -394   -426
    55    -45     15    -60     23    162   -120   -385     41   -200     90    -53   -283   -276     22    -23     89   -352   -322    126
   -83     52    104   -103    -68     54    105    115    -62    -69    145     20     53   -142     22    -23      0     33   -321   -248
  -131    233    -43   -345    -56    112   -171    -16    -18   -320     98     12    -38   -341   -183     61    145   -109    306     40


letter-probability matrix: alength= 20 w= 21 nsites= 50 E= 5.1e-345
0.060000 0.000000 0.000000 0.000000 0.000000 0.000000 0.000000 0.020000 0.100000 0.000000 0.040000 0.320000 0.020000 0.080000 0.000000 0.220000 0.100000 0.040000 0.000000 0.000000
0.080000 0.000000 0.040000 0.060000 0.000000 0.000000 0.040000 0.040000 0.060000 0.080000 0.000000 0.060000 0.000000 0.000000 0.020000 0.280000 0.140000 0.080000 0.000000 0.020000
0.180000 0.000000 0.000000 0.140000 0.000000 0.080000 0.320000 0.060000 0.020000 0.000000 0.000000 0.040000 0.020000 0.020000 0.020000 0.060000 0.020000 0.020000 0.000000 0.000000
0.080000 0.000000 0.080000 0.000000 0.020000 0.020000 0.000000 0.020000 0.020000 0.000000 0.020000 0.020000 0.020000 0.120000 0.360000 0.160000 0.020000 0.040000 0.000000 0.000000
0.020000 0.000000 0.080000 0.000000 0.020000 0.000000 0.020000 0.080000 0.020000 0.040000 0.000000 0.000000 0.000000 0.440000 0.100000 0.100000 0.000000 0.080000 0.000000 0.000000
0.020000 0.000000 0.000000 0.520000 0.000000 0.000000 0.000000 0.000000 0.000000 0.000000 0.000000 0.240000 0.000000 0.020000 0.000000 0.000000 0.200000 0.000000 0.000000 0.000000
0.000000 0.000000 0.000000 0.000000 0.000000 0.000000 0.000000 0.000000 0.000000 0.980000 0.020000 0.000000 0.000000 0.000000 0.000000 0.000000 0.000000 0.000000 0.000000 0.000000
0.000000 0.000000 0.000000 0.000000 0.000000 0.000000 0.000000 0.000000 0.000000 0.000000 0.000000 0.040000 0.000000 0.000000 0.020000 0.900000 0.040000 0.000000 0.000000 0.000000
0.000000 0.000000 0.620000 0.380000 0.000000 0.000000 0.000000 0.000000 0.000000 0.000000 0.000000 0.000000 0.000000 0.000000 0.000000 0.000000 0.000000 0.000000 0.000000 0.000000
0.180000 0.000000 0.340000 0.320000 0.000000 0.000000 0.000000 0.000000 0.000000 0.000000 0.000000 0.000000 0.000000 0.000000 0.080000 0.060000 0.000000 0.020000 0.000000 0.000000
0.000000 0.000000 0.120000 0.580000 0.000000 0.000000 0.000000 0.000000 0.000000 0.020000 0.000000 0.000000 0.000000 0.260000 0.020000 0.000000 0.000000 0.000000 0.000000 0.000000
0.000000 0.000000 0.000000 0.000000 0.000000 0.000000 0.000000 0.000000 0.000000 1.000000 0.000000 0.000000 0.000000 0.000000 0.000000 0.000000 0.000000 0.000000 0.000000 0.000000
0.020000 0.000000 0.040000 0.840000 0.000000 0.000000 0.000000 0.000000 0.000000 0.080000 0.000000 0.000000 0.000000 0.020000 0.000000 0.000000 0.000000 0.000000 0.000000 0.000000
0.240000 0.000000 0.000000 0.020000 0.000000 0.500000 0.000000 0.000000 0.000000 0.020000 0.000000 0.000000 0.000000 0.000000 0.020000 0.160000 0.040000 0.000000 0.000000 0.000000
0.060000 0.000000 0.000000 0.000000 0.000000 0.000000 0.000000 0.160000 0.000000 0.040000 0.000000 0.000000 0.000000 0.000000 0.000000 0.000000 0.000000 0.740000 0.000000 0.000000
0.880000 0.000000 0.000000 0.000000 0.000000 0.000000 0.020000 0.000000 0.000000 0.000000 0.000000 0.000000 0.000000 0.000000 0.000000 0.060000 0.000000 0.040000 0.000000 0.000000
0.000000 0.000000 0.000000 0.000000 0.000000 1.000000 0.000000 0.000000 0.000000 0.000000 0.000000 0.000000 0.000000 0.000000 0.000000 0.000000 0.000000 0.000000 0.000000 0.000000
0.040000 0.000000 0.000000 0.000000 0.000000 0.960000 0.000000 0.000000 0.000000 0.000000 0.000000 0.000000 0.000000 0.000000 0.000000 0.000000 0.000000 0.000000 0.000000 0.000000
0.180000 0.020000 0.060000 0.060000 0.040000 0.260000 0.000000 0.000000 0.060000 0.020000 0.040000 0.020000 0.000000 0.000000 0.020000 0.060000 0.120000 0.000000 0.000000 0.040000
0.060000 0.040000 0.120000 0.040000 0.020000 0.120000 0.020000 0.120000 0.020000 0.060000 0.060000 0.040000 0.040000 0.020000 0.020000 0.060000 0.060000 0.080000 0.000000 0.000000
0.040000 0.140000 0.040000 0.000000 0.020000 0.180000 0.000000 0.040000 0.040000 0.000000 0.040000 0.040000 0.020000 0.000000 0.000000 0.120000 0.180000 0.020000 0.060000 0.020000