MEME version 4.10.2

ALPHABET= ACDEFGHIKLMNPQRSTVWY

Background letter frequencies (from unknown source):
A 0.100 C 0.002 D 0.057 E 0.149 F 0.026 G 0.038 H 0.015 I 0.055 K 0.062
L 0.089 M 0.021 N 0.040 P 0.062 Q 0.047 R 0.038 S 0.064 T 0.053 V 0.057
W 0.009 Y 0.015

MOTIF 3

letter-probability matrix: alength= 20 w= 12 nsites= 5 E= 2.1e-005
0.000000 0.000000 0.000000 0.000000 0.000000 0.000000 0.000000 0.000000 0.000000 1.000000 0.000000 0.000000 0.000000 0.000000 0.000000 0.000000 0.000000 0.000000 0.000000 0.000000
0.000000 0.000000 0.000000 0.000000 0.000000 0.000000 0.000000 0.000000 0.000000 0.000000 0.000000 0.000000 0.000000 0.000000 0.000000 0.600000 0.400000 0.000000 0.000000 0.000000
0.000000 0.000000 0.400000 0.600000 0.000000 0.000000 0.000000 0.000000 0.000000 0.000000 0.000000 0.000000 0.000000 0.000000 0.000000 0.000000 0.000000 0.000000 0.000000 0.000000
0.000000 0.000000 0.200000 0.800000 0.000000 0.000000 0.000000 0.000000 0.000000 0.000000 0.000000 0.000000 0.000000 0.000000 0.000000 0.000000 0.000000 0.000000 0.000000 0.000000
0.200000 0.000000 0.200000 0.000000 0.000000 0.000000 0.000000 0.000000 0.000000 0.000000 0.000000 0.000000 0.000000 0.400000 0.000000 0.200000 0.000000 0.000000 0.000000 0.000000
0.000000 0.000000 0.000000 0.000000 0.000000 0.000000 0.000000 0.000000 0.000000 1.000000 0.000000 0.000000 0.000000 0.000000 0.000000 0.000000 0.000000 0.000000 0.000000 0.000000
0.000000 0.000000 0.200000 0.800000 0.000000 0.000000 0.000000 0.000000 0.000000 0.000000 0.000000 0.000000 0.000000 0.000000 0.000000 0.000000 0.000000 0.000000 0.000000 0.000000
0.800000 0.000000 0.000000 0.000000 0.000000 0.000000 0.000000 0.000000 0.000000 0.000000 0.000000 0.000000 0.000000 0.200000 0.000000 0.000000 0.000000 0.000000 0.000000 0.000000
0.200000 0.000000 0.000000 0.000000 0.000000 0.000000 0.000000 0.400000 0.000000 0.000000 0.000000 0.000000 0.000000 0.000000 0.000000 0.000000 0.000000 0.400000 0.000000 0.000000
1.000000 0.000000 0.000000 0.000000 0.000000 0.000000 0.000000 0.000000 0.000000 0.000000 0.000000 0.000000 0.000000 0.000000 0.000000 0.000000 0.000000 0.000000 0.000000 0.000000
0.000000 0.000000 0.000000 0.000000 0.000000 1.000000 0.000000 0.000000 0.000000 0.000000 0.000000 0.000000 0.000000 0.000000 0.000000 0.000000 0.000000 0.000000 0.000000 0.000000
0.000000 0.000000 0.000000 0.000000 0.000000 1.000000 0.000000 0.000000 0.000000 0.000000 0.000000 0.000000 0.000000 0.000000 0.000000 0.000000 0.000000 0.000000 0.000000 0.000000

log-odds matrix: alength= 20 w= 12 E= 2.1e-005
  -360     34   -481   -531    -73   -367   -269    -80   -388    324     11   -395   -420   -328   -296   -368   -292   -126   -216   -167
  -183    156   -301   -463   -249   -199   -207   -304   -269   -341   -220   -123   -328   -293   -214    328    214   -280   -264   -192
  -254   -194    206    207   -437   -233   -182   -402   -181   -402   -315   -170   -346   -107   -245   -239   -257   -324   -428   -301
  -445   -234    -88    264   -513   -385   -332   -498   -408   -556   -470   -345   -551   -295   -427   -433   -439   -476   -486   -427
    40     74    114   -109   -190    -86     17   -236    -30   -223   -124    -14   -223    248    -31    105    -75   -177   -195    -76
  -360     34   -481   -531    -73   -367   -269    -80   -388    324     11   -395   -420   -328   -296   -368   -292   -126   -216   -167
  -445   -234    -88    264   -513   -385   -332   -498   -408   -556   -470   -345   -551   -295   -427   -433   -439   -476   -486   -427
   279    229   -274   -329   -218    -70   -189   -249   -226   -263   -172   -223   -361     68   -192    -49   -146   -107   -238   -195
   -15    133   -400   -488   -153   -305   -257    273   -353    -91    -71   -326   -405   -362   -298   -292   -171    280   -265   -181
   304    212   -371   -458   -250    -90   -261   -280   -345   -299   -211   -298   -399   -341   -283    -73   -177   -131   -268   -241
  -248    -15   -276   -462   -370    455   -248   -440   -327   -477   -356   -213   -418   -379   -268   -233   -336   -375   -296   -279
  -248    -15   -276   -462   -370    455   -248   -440   -327   -477   -356   -213   -418   -379   -268   -233   -336   -375   -296   -279