MEME version 4.11.1

ALPHABET= ACDEFGHIKLMNPQRSTVWY

Background letter frequencies (from unknown source):
A 0.132 C 0.082 D 0.016 E 0.048 F 0.049 G 0.112 H 0.005 I 0.053 K 0.033
L 0.068 M 0.040 N 0.037 P 0.057 Q 0.020 R 0.015 S 0.048 T 0.060 V 0.093
W 0.016 Y 0.015

MOTIF 1

log-odds matrix: alength= 20 w= 29 E= 6.8e-011
  -227   -503    -73   -165   -366   -355      3   -302    244   -251   -339   -195    348    -62     31   -124   -211   -324   -394   -219
   221   -301    -27     77   -305   -221     -7   -236   -106   -212   -251   -164   -328    -74    -38    112   -152   -171   -324   -173
  -285   -418   -185    -10   -209   -433    -80    336   -210      7     50   -263   -385   -185   -127   -209   -191     87   -300   -111
  -195   -367   -190   -291   -264   -444    -74    139   -247   -107   -206   -305   -352   -225   -121   -240     21    278   -370   -215
   -65   -351   -154   -250   -270   -375    -42     13   -210   -138   -223   -269     -9   -183    -87   -170   -138    282   -353   -208
  -188   -458    129    182   -274   -251    137   -197     52   -171    236    279   -234     72     99    -31   -110   -230   -295    -76
  -268   -515     37   -197   -437    261     -1   -419   -160   -408   -436    226   -359   -154    -91   -113   -262   -426   -396   -225
  -230   -490    123    -40   -340   -235    139   -290    303   -245   -288    304   -261     44    118    162   -129   -315   -333   -110
  -246   -504    -46   -228   -430    278    -45   -387   -147   -382   -398   -143   -367   -168    181     34   -283   -395   -371   -236
  -455    354   -353   -451   -498   -601   -249   -405   -449   -432   -461   -454   -554   -397   -293   -400   -394   -513   -565   -410
    22   -408     51    -29   -299   -248    118   -234    299   -196   -234    -44   -234     56    130    253    -75   -246   -301    -96
     8   -317   -144   -211   -127   -328     26     31   -140    218    -72   -193   -291    -93    -37   -104    102     99   -208    -30
  -455    354   -353   -451   -498   -601   -249   -405   -449   -432   -461   -454   -554   -397   -293   -400   -394   -513   -565   -410
   218   -303   -165   -277   -351   -218    -99   -288   -239   -269   -306   -238   -331   -188   -129    239   -149   -210   -368   -238
    35   -346   -118   -226   -244    169    -29    224   -168   -128   -194   -191   -303   -132    -74    -66   -145   -126   -299   -127
  -191    152   -143   -333   -435    250   -123   -387   -276   -384   -419   -226   -364   -249   -162   -110   -244   -357   -411   -275
   203   -320   -162   -269   -352   -229    -91   -263   -225   -266   -305   -224   -314   -173   -121    -10    223   -221   -376   -233
   158   -325   -113   -219   -290    145    -41   -194   -165     65   -243   -196   -315   -135    -74    -30   -156   -185   -323   -166
  -455    354   -353   -451   -498   -601   -249   -405   -449   -432   -461   -454   -554   -397   -293   -400   -394   -513   -565   -410
   -16   -397   -235   -296   -122   -423    -53    -12   -223    265    263   -287   -363   -157   -109   -208   -196   -109   -247    -89
    -4   -333   -191   -264    257   -370     -3    169   -193    -10    -95   -235   -327   -145    -84   -150   -133    103   -215     23
  -181    164    434    -94   -354   -226     70   -303    -82   -284   -332      9   -283    -52    -33    175   -139   -306   -376   -155
  -287   -542    -96   -297   -465    301   -104   -434   -236   -438   -449   -199   -406   -257   -129   -191   -354   -445   -391   -276
  -261   -531   -142   -259   -398   -393    -74   -348   -195   -294   -399   -288    394   -157   -114   -169   -261   -368   -435   -280
  -228   -369   -164   -255   -184   -384    -30    299   -178     -9   -104   -219   -340   -144    -84     71     81    102   -264    -81
  -261   -531   -142   -259   -398   -393    -74   -348   -195   -294   -399   -288    394   -157   -114   -169   -261   -368   -435   -280
    58   -487    519     -1   -409   -302     13   -351   -135   -334   -385    -39   -339    -79    -89   -112   -228   -355   -410   -210
    81   -395   -213   -324    356   -349    -39   -166   -268   -118   -230   -283   -360   -218   -163   -138   -234   -223   -207     80
   -18   -524    120    361   -415    -11     21   -329    -50   -296   -336   -116   -296     18    -26   -109   -199   -329   -422   -208


letter-probability matrix: alength= 20 w= 29 nsites= 5 E= 6.8e-011
0.000000 0.000000 0.000000 0.000000 0.000000 0.000000 0.000000 0.000000 0.400000 0.000000 0.000000 0.000000 0.600000 0.000000 0.000000 0.000000 0.000000 0.000000 0.000000 0.000000
0.600000 0.000000 0.000000 0.200000 0.000000 0.000000 0.000000 0.000000 0.000000 0.000000 0.000000 0.000000 0.000000 0.000000 0.000000 0.200000 0.000000 0.000000 0.000000 0.000000
0.000000 0.000000 0.000000 0.200000 0.000000 0.000000 0.000000 0.400000 0.000000 0.000000 0.200000 0.000000 0.000000 0.000000 0.000000 0.000000 0.000000 0.200000 0.000000 0.000000
0.000000 0.000000 0.000000 0.000000 0.000000 0.000000 0.000000 0.200000 0.000000 0.000000 0.000000 0.000000 0.000000 0.000000 0.000000 0.000000 0.200000 0.600000 0.000000 0.000000
0.200000 0.000000 0.000000 0.000000 0.000000 0.000000 0.000000 0.000000 0.000000 0.000000 0.000000 0.000000 0.200000 0.000000 0.000000 0.000000 0.000000 0.600000 0.000000 0.000000
0.000000 0.000000 0.000000 0.200000 0.000000 0.000000 0.000000 0.000000 0.000000 0.000000 0.400000 0.400000 0.000000 0.000000 0.000000 0.000000 0.000000 0.000000 0.000000 0.000000
0.000000 0.000000 0.000000 0.000000 0.000000 0.600000 0.000000 0.000000 0.000000 0.000000 0.000000 0.400000 0.000000 0.000000 0.000000 0.000000 0.000000 0.000000 0.000000 0.000000
0.000000 0.000000 0.000000 0.000000 0.000000 0.000000 0.000000 0.000000 0.400000 0.000000 0.000000 0.400000 0.000000 0.000000 0.000000 0.200000 0.000000 0.000000 0.000000 0.000000
0.000000 0.000000 0.000000 0.000000 0.000000 0.600000 0.000000 0.000000 0.000000 0.000000 0.000000 0.000000 0.000000 0.000000 0.200000 0.200000 0.000000 0.000000 0.000000 0.000000
0.000000 1.000000 0.000000 0.000000 0.000000 0.000000 0.000000 0.000000 0.000000 0.000000 0.000000 0.000000 0.000000 0.000000 0.000000 0.000000 0.000000 0.000000 0.000000 0.000000
0.200000 0.000000 0.000000 0.000000 0.000000 0.000000 0.000000 0.000000 0.400000 0.000000 0.000000 0.000000 0.000000 0.000000 0.000000 0.400000 0.000000 0.000000 0.000000 0.000000
0.200000 0.000000 0.000000 0.000000 0.000000 0.000000 0.000000 0.000000 0.000000 0.400000 0.000000 0.000000 0.000000 0.000000 0.000000 0.000000 0.200000 0.200000 0.000000 0.000000
0.000000 1.000000 0.000000 0.000000 0.000000 0.000000 0.000000 0.000000 0.000000 0.000000 0.000000 0.000000 0.000000 0.000000 0.000000 0.000000 0.000000 0.000000 0.000000 0.000000
0.600000 0.000000 0.000000 0.000000 0.000000 0.000000 0.000000 0.000000 0.000000 0.000000 0.000000 0.000000 0.000000 0.000000 0.000000 0.400000 0.000000 0.000000 0.000000 0.000000
0.200000 0.000000 0.000000 0.000000 0.000000 0.400000 0.000000 0.400000 0.000000 0.000000 0.000000 0.000000 0.000000 0.000000 0.000000 0.000000 0.000000 0.000000 0.000000 0.000000
0.000000 0.400000 0.000000 0.000000 0.000000 0.600000 0.000000 0.000000 0.000000 0.000000 0.000000 0.000000 0.000000 0.000000 0.000000 0.000000 0.000000 0.000000 0.000000 0.000000
0.600000 0.000000 0.000000 0.000000 0.000000 0.000000 0.000000 0.000000 0.000000 0.000000 0.000000 0.000000 0.000000 0.000000 0.000000 0.000000 0.400000 0.000000 0.000000 0.000000
0.400000 0.000000 0.000000 0.000000 0.000000 0.400000 0.000000 0.000000 0.000000 0.200000 0.000000 0.000000 0.000000 0.000000 0.000000 0.000000 0.000000 0.000000 0.000000 0.000000
0.000000 1.000000 0.000000 0.000000 0.000000 0.000000 0.000000 0.000000 0.000000 0.000000 0.000000 0.000000 0.000000 0.000000 0.000000 0.000000 0.000000 0.000000 0.000000 0.000000
0.200000 0.000000 0.000000 0.000000 0.000000 0.000000 0.000000 0.000000 0.000000 0.400000 0.400000 0.000000 0.000000 0.000000 0.000000 0.000000 0.000000 0.000000 0.000000 0.000000
0.200000 0.000000 0.000000 0.000000 0.400000 0.000000 0.000000 0.200000 0.000000 0.000000 0.000000 0.000000 0.000000 0.000000 0.000000 0.000000 0.000000 0.200000 0.000000 0.000000
0.000000 0.400000 0.400000 0.000000 0.000000 0.000000 0.000000 0.000000 0.000000 0.000000 0.000000 0.000000 0.000000 0.000000 0.000000 0.200000 0.000000 0.000000 0.000000 0.000000
0.000000 0.000000 0.000000 0.000000 0.000000 1.000000 0.000000 0.000000 0.000000 0.000000 0.000000 0.000000 0.000000 0.000000 0.000000 0.000000 0.000000 0.000000 0.000000 0.000000
0.000000 0.000000 0.000000 0.000000 0.000000 0.000000 0.000000 0.000000 0.000000 0.000000 0.000000 0.000000 1.000000 0.000000 0.000000 0.000000 0.000000 0.000000 0.000000 0.000000
0.000000 0.000000 0.000000 0.000000 0.000000 0.000000 0.000000 0.400000 0.000000 0.000000 0.000000 0.000000 0.000000 0.000000 0.000000 0.200000 0.200000 0.200000 0.000000 0.000000
0.000000 0.000000 0.000000 0.000000 0.000000 0.000000 0.000000 0.000000 0.000000 0.000000 0.000000 0.000000 1.000000 0.000000 0.000000 0.000000 0.000000 0.000000 0.000000 0.000000
0.400000 0.000000 0.600000 0.000000 0.000000 0.000000 0.000000 0.000000 0.000000 0.000000 0.000000 0.000000 0.000000 0.000000 0.000000 0.000000 0.000000 0.000000 0.000000 0.000000
0.400000 0.000000 0.000000 0.000000 0.600000 0.000000 0.000000 0.000000 0.000000 0.000000 0.000000 0.000000 0.000000 0.000000 0.000000 0.000000 0.000000 0.000000 0.000000 0.000000
0.200000 0.000000 0.000000 0.600000 0.000000 0.200000 0.000000 0.000000 0.000000 0.000000 0.000000 0.000000 0.000000 0.000000 0.000000 0.000000 0.000000 0.000000 0.000000 0.000000