MEME version 4.11.1

ALPHABET= ACDEFGHIKLMNPQRSTVWY

Background letter frequencies (from unknown source):
A 0.111 C 0.078 D 0.012 E 0.054 F 0.033 G 0.090 H 0.006 I 0.054 K 0.030
L 0.078 M 0.036 N 0.039 P 0.051 Q 0.033 R 0.018 S 0.048 T 0.075 V 0.105
W 0.024 Y 0.021

MOTIF 1

log-odds matrix: alength= 20 w= 18 E= 1.7e+000
  -474   -548   -291   -488   -323   -539   -242   -229   -365   -168    467   -448   -493   -424   -345   -389   -443   -362   -392   -254
  -138   -417    137    157   -153   -245    103   -133     38    100   -159    -85    257     10     49    -45   -143   -193   -310   -102
  -131   -415    233    194   -158   -203    168   -135     88     91   -153    214   -177     48     95     -8   -111   -198   -289    -75
  -191   -481    -50   -228   -295   -321    -43   -303   -135   -270   -336   -250    400   -183    -98   -125   -247   -338   -451   -287
  -138   -411    110     -1   -187   -232    162   -122    285   -140   -156    -44   -189    259    177    -32   -118     55   -298    -96
  -242   -371    -88   -257    351   -361    168    112   -170    -77   -147   -227   -304   -216   -100   -153   -251   -180   -123    366
  -133   -421    167    187   -178   -224    140    145    286   -131   -155    -40   -183     41    139    -25   -117   -157   -308    -90
  -220   -495      3   -230   -355    310    -39   -369    -90   -378   -364   -149   -336   -213    199   -141   -311   -399   -408   -267
  -169   -340    -64   -241   -177   -317    -24    -28   -121   -133   -152   -136   -284   -171    -75     41    276     84   -349   -180
  -290   -651    149    380   -425   -377    -23   -380    -78   -366   -369   -199   -338    154    -95   -209   -310   -414   -521   -321
  -267   -493    -25   -158   -336   -341     22   -283    456   -290   -294   -151   -308   -100    149   -139      7   -351   -401   -232
   225   -299     92   -109   -220   -153     54   -210    -38   -213   -221    184   -234   -102    -16     18   -140   -187   -356   -169
   241   -277    -59   -214   -145   -180    -13   -169   -120   -170   -192   -206   -288   -180    -71      0   -170   -154    225    -92
  -425    361   -304   -467   -436   -564   -259   -403   -432   -448   -441   -460   -535   -465   -320   -396   -422   -523   -615   -457
   277   -274    -93   -251   -244   -179    -83   -226   -184   -233   -242   -245   -324   -239   -125      4   -188   -176   -379   -244
    -4   -432    -19   -264   -352    308    -77   -364   -179   -382   -364   -172   -327   -266   -121   -105   -282   -364   -416   -287
  -425    361   -304   -467   -436   -564   -259   -403   -432   -448   -441   -460   -535   -465   -320   -396   -422   -523   -615   -457
  -218   -380    -64   -279   -267   -333    -54   -195   -145   -273   -233   -126   -312   -194    -97     61    332   -240   -394   -248


letter-probability matrix: alength= 20 w= 18 nsites= 3 E= 1.7e+000
0.000000 0.000000 0.000000 0.000000 0.000000 0.000000 0.000000 0.000000 0.000000 0.000000 1.000000 0.000000 0.000000 0.000000 0.000000 0.000000 0.000000 0.000000 0.000000 0.000000
0.000000 0.000000 0.000000 0.333333 0.000000 0.000000 0.000000 0.000000 0.000000 0.333333 0.000000 0.000000 0.333333 0.000000 0.000000 0.000000 0.000000 0.000000 0.000000 0.000000
0.000000 0.000000 0.000000 0.333333 0.000000 0.000000 0.000000 0.000000 0.000000 0.333333 0.000000 0.333333 0.000000 0.000000 0.000000 0.000000 0.000000 0.000000 0.000000 0.000000
0.000000 0.000000 0.000000 0.000000 0.000000 0.000000 0.000000 0.000000 0.000000 0.000000 0.000000 0.000000 1.000000 0.000000 0.000000 0.000000 0.000000 0.000000 0.000000 0.000000
0.000000 0.000000 0.000000 0.000000 0.000000 0.000000 0.000000 0.000000 0.333333 0.000000 0.000000 0.000000 0.000000 0.333333 0.000000 0.000000 0.000000 0.333333 0.000000 0.000000
0.000000 0.000000 0.000000 0.000000 0.333333 0.000000 0.000000 0.333333 0.000000 0.000000 0.000000 0.000000 0.000000 0.000000 0.000000 0.000000 0.000000 0.000000 0.000000 0.333333
0.000000 0.000000 0.000000 0.333333 0.000000 0.000000 0.000000 0.333333 0.333333 0.000000 0.000000 0.000000 0.000000 0.000000 0.000000 0.000000 0.000000 0.000000 0.000000 0.000000
0.000000 0.000000 0.000000 0.000000 0.000000 0.666667 0.000000 0.000000 0.000000 0.000000 0.000000 0.000000 0.000000 0.000000 0.333333 0.000000 0.000000 0.000000 0.000000 0.000000
0.000000 0.000000 0.000000 0.000000 0.000000 0.000000 0.000000 0.000000 0.000000 0.000000 0.000000 0.000000 0.000000 0.000000 0.000000 0.000000 0.666667 0.333333 0.000000 0.000000
0.000000 0.000000 0.000000 0.666667 0.000000 0.000000 0.000000 0.000000 0.000000 0.000000 0.000000 0.000000 0.000000 0.333333 0.000000 0.000000 0.000000 0.000000 0.000000 0.000000
0.000000 0.000000 0.000000 0.000000 0.000000 0.000000 0.000000 0.000000 0.666667 0.000000 0.000000 0.000000 0.000000 0.000000 0.000000 0.000000 0.333333 0.000000 0.000000 0.000000
0.666667 0.000000 0.000000 0.000000 0.000000 0.000000 0.000000 0.000000 0.000000 0.000000 0.000000 0.333333 0.000000 0.000000 0.000000 0.000000 0.000000 0.000000 0.000000 0.000000
0.666667 0.000000 0.000000 0.000000 0.000000 0.000000 0.000000 0.000000 0.000000 0.000000 0.000000 0.000000 0.000000 0.000000 0.000000 0.000000 0.000000 0.000000 0.333333 0.000000
0.000000 1.000000 0.000000 0.000000 0.000000 0.000000 0.000000 0.000000 0.000000 0.000000 0.000000 0.000000 0.000000 0.000000 0.000000 0.000000 0.000000 0.000000 0.000000 0.000000
1.000000 0.000000 0.000000 0.000000 0.000000 0.000000 0.000000 0.000000 0.000000 0.000000 0.000000 0.000000 0.000000 0.000000 0.000000 0.000000 0.000000 0.000000 0.000000 0.000000
0.333333 0.000000 0.000000 0.000000 0.000000 0.666667 0.000000 0.000000 0.000000 0.000000 0.000000 0.000000 0.000000 0.000000 0.000000 0.000000 0.000000 0.000000 0.000000 0.000000
0.000000 1.000000 0.000000 0.000000 0.000000 0.000000 0.000000 0.000000 0.000000 0.000000 0.000000 0.000000 0.000000 0.000000 0.000000 0.000000 0.000000 0.000000 0.000000 0.000000
0.000000 0.000000 0.000000 0.000000 0.000000 0.000000 0.000000 0.000000 0.000000 0.000000 0.000000 0.000000 0.000000 0.000000 0.000000 0.000000 1.000000 0.000000 0.000000 0.000000