MEME version 4.11.1

ALPHABET= ACDEFGHIKLMNPQRSTVWY

Background letter frequencies (from unknown source):
A 0.123 C 0.080 D 0.025 E 0.055 F 0.012 G 0.043 H 0.012 I 0.012 K 0.012
L 0.098 M 0.025 N 0.037 P 0.049 Q 0.031 R 0.025 S 0.086 T 0.110 V 0.110
W 0.043 Y 0.012

MOTIF 1

log-odds matrix: alength= 20 w= 29 E= 4.6e-020
  -488   -551   -394   -491   -179   -432   -345    -14   -236   -201    523   -439   -487   -412   -390   -472   -498   -369   -475   -176
  -530   -752    -85    412   -409   -431   -333   -293   -259   -600   -523   -366   -582   -294   -403   -527   -591   -602   -719   -413
  -232   -383   -167   -282   -124   -226   -157     19    -15   -306   -177   -117   -306   -183   -141    -22    277   -247   -478   -169
  -205   -483   -153   -231   -152   -214   -146    -88     -5   -302   -280   -241    407   -172   -143   -208   -302   -344   -535   -209
  -173   -355   -233   -298    -58   -285   -182    265    -92   -159   -138   -298   -318   -277   -185   -313   -240    275   -506   -183
  -173   -355   -233   -298    -58   -285   -182    265    -92   -159   -138   -298   -318   -277   -185   -313   -240    275   -506   -183
  -311   -497   -193    -84   -200   -311     88   -114      6   -271   -152   -181   -299    472    -68   -291   -362   -401   -447   -202
  -205   -483   -153   -231   -152   -214   -146    -88     -5   -302   -280   -241    407   -172   -143   -208   -302   -344   -535   -209
  -398   -474   -293   -379   -260   -314    -80   -159    124   -386   -345   -262   -340   -163    517   -366   -437   -510   -445   -233
  -377   -560    513    -65   -223   -274   -140   -168   -122   -429   -361    -37   -425   -264   -247   -323   -438   -443   -541   -206
  -458   -526   -284   -386     55   -336   -236   -161   -157   -256   -273   -337   -433   -302   -233   -423   -475   -418    437      4
  -232   -383   -167   -282   -124   -226   -157     19    -15   -306   -177   -117   -306   -183   -141    -22    277   -247   -478   -169
  -439    359   -407   -470   -292   -457   -361   -188   -302   -480   -386   -451   -529   -454   -364   -479   -477   -530   -699   -378
  -458   -526   -284   -386     55   -336   -236   -161   -157   -256   -273   -337   -433   -302   -233   -423   -475   -418    437      4
  -184   -364   -144   -278   -136   -170   -160    -99    -22   -348   -256   -108   -277   -219   -142    311    -21   -372   -491   -146
  -439    359   -407   -470   -292   -457   -361   -188   -302   -480   -386   -451   -529   -454   -364   -479   -477   -530   -699   -378
  -347   -453   -319   -346     65   -349   -204    174   -111    303     20   -341   -353   -231   -195   -370   -357   -181   -416   -100
  -173   -355   -233   -298    -58   -285   -182    265    -92   -159   -138   -298   -318   -277   -185   -313   -240    275   -506   -183
  -439    359   -407   -470   -292   -457   -361   -188   -302   -480   -386   -451   -529   -454   -364   -479   -477   -530   -699   -378
   263   -276   -195   -253   -101    -72   -186    -12    -54   -266   -187   -236   -318   -228   -169    -80   -244   -183   -463   -166
   263   -276   -195   -253   -101    -72   -186    -12    -54   -266   -187   -236   -318   -228   -169    -80   -244   -183   -463   -166
  -439    359   -407   -470   -292   -457   -361   -188   -302   -480   -386   -451   -529   -454   -364   -479   -477   -530   -699   -378
  -184   -364   -144   -278   -136   -170   -160    -99    -22   -348   -256   -108   -277   -219   -142    311    -21   -372   -491   -146
  -173   -355   -233   -298    -58   -285   -182    265    -92   -159   -138   -298   -318   -277   -185   -313   -240    275   -506   -183
  -530   -752    -85    412   -409   -431   -333   -293   -259   -600   -523   -366   -582   -294   -403   -527   -591   -602   -719   -413
  -347   -453   -319   -346     65   -349   -204    174   -111    303     20   -341   -353   -231   -195   -370   -357   -181   -416   -100
  -347   -453   -319   -346     65   -349   -204    174   -111    303     20   -341   -353   -231   -195   -370   -357   -181   -416   -100
  -398   -508    -64   -321   -174   -240     18    -87    -47   -400   -314    453   -355   -194   -198   -187   -324   -423   -474   -171
  -347   -453   -319   -346     65   -349   -204    174   -111    303     20   -341   -353   -231   -195   -370   -357   -181   -416   -100


letter-probability matrix: alength= 20 w= 29 nsites= 3 E= 4.6e-020
0.000000 0.000000 0.000000 0.000000 0.000000 0.000000 0.000000 0.000000 0.000000 0.000000 1.000000 0.000000 0.000000 0.000000 0.000000 0.000000 0.000000 0.000000 0.000000 0.000000
0.000000 0.000000 0.000000 1.000000 0.000000 0.000000 0.000000 0.000000 0.000000 0.000000 0.000000 0.000000 0.000000 0.000000 0.000000 0.000000 0.000000 0.000000 0.000000 0.000000
0.000000 0.000000 0.000000 0.000000 0.000000 0.000000 0.000000 0.000000 0.000000 0.000000 0.000000 0.000000 0.000000 0.000000 0.000000 0.000000 1.000000 0.000000 0.000000 0.000000
0.000000 0.000000 0.000000 0.000000 0.000000 0.000000 0.000000 0.000000 0.000000 0.000000 0.000000 0.000000 1.000000 0.000000 0.000000 0.000000 0.000000 0.000000 0.000000 0.000000
0.000000 0.000000 0.000000 0.000000 0.000000 0.000000 0.000000 0.000000 0.000000 0.000000 0.000000 0.000000 0.000000 0.000000 0.000000 0.000000 0.000000 1.000000 0.000000 0.000000
0.000000 0.000000 0.000000 0.000000 0.000000 0.000000 0.000000 0.000000 0.000000 0.000000 0.000000 0.000000 0.000000 0.000000 0.000000 0.000000 0.000000 1.000000 0.000000 0.000000
0.000000 0.000000 0.000000 0.000000 0.000000 0.000000 0.000000 0.000000 0.000000 0.000000 0.000000 0.000000 0.000000 1.000000 0.000000 0.000000 0.000000 0.000000 0.000000 0.000000
0.000000 0.000000 0.000000 0.000000 0.000000 0.000000 0.000000 0.000000 0.000000 0.000000 0.000000 0.000000 1.000000 0.000000 0.000000 0.000000 0.000000 0.000000 0.000000 0.000000
0.000000 0.000000 0.000000 0.000000 0.000000 0.000000 0.000000 0.000000 0.000000 0.000000 0.000000 0.000000 0.000000 0.000000 1.000000 0.000000 0.000000 0.000000 0.000000 0.000000
0.000000 0.000000 1.000000 0.000000 0.000000 0.000000 0.000000 0.000000 0.000000 0.000000 0.000000 0.000000 0.000000 0.000000 0.000000 0.000000 0.000000 0.000000 0.000000 0.000000
0.000000 0.000000 0.000000 0.000000 0.000000 0.000000 0.000000 0.000000 0.000000 0.000000 0.000000 0.000000 0.000000 0.000000 0.000000 0.000000 0.000000 0.000000 1.000000 0.000000
0.000000 0.000000 0.000000 0.000000 0.000000 0.000000 0.000000 0.000000 0.000000 0.000000 0.000000 0.000000 0.000000 0.000000 0.000000 0.000000 1.000000 0.000000 0.000000 0.000000
0.000000 1.000000 0.000000 0.000000 0.000000 0.000000 0.000000 0.000000 0.000000 0.000000 0.000000 0.000000 0.000000 0.000000 0.000000 0.000000 0.000000 0.000000 0.000000 0.000000
0.000000 0.000000 0.000000 0.000000 0.000000 0.000000 0.000000 0.000000 0.000000 0.000000 0.000000 0.000000 0.000000 0.000000 0.000000 0.000000 0.000000 0.000000 1.000000 0.000000
0.000000 0.000000 0.000000 0.000000 0.000000 0.000000 0.000000 0.000000 0.000000 0.000000 0.000000 0.000000 0.000000 0.000000 0.000000 1.000000 0.000000 0.000000 0.000000 0.000000
0.000000 1.000000 0.000000 0.000000 0.000000 0.000000 0.000000 0.000000 0.000000 0.000000 0.000000 0.000000 0.000000 0.000000 0.000000 0.000000 0.000000 0.000000 0.000000 0.000000
0.000000 0.000000 0.000000 0.000000 0.000000 0.000000 0.000000 0.000000 0.000000 1.000000 0.000000 0.000000 0.000000 0.000000 0.000000 0.000000 0.000000 0.000000 0.000000 0.000000
0.000000 0.000000 0.000000 0.000000 0.000000 0.000000 0.000000 0.000000 0.000000 0.000000 0.000000 0.000000 0.000000 0.000000 0.000000 0.000000 0.000000 1.000000 0.000000 0.000000
0.000000 1.000000 0.000000 0.000000 0.000000 0.000000 0.000000 0.000000 0.000000 0.000000 0.000000 0.000000 0.000000 0.000000 0.000000 0.000000 0.000000 0.000000 0.000000 0.000000
1.000000 0.000000 0.000000 0.000000 0.000000 0.000000 0.000000 0.000000 0.000000 0.000000 0.000000 0.000000 0.000000 0.000000 0.000000 0.000000 0.000000 0.000000 0.000000 0.000000
1.000000 0.000000 0.000000 0.000000 0.000000 0.000000 0.000000 0.000000 0.000000 0.000000 0.000000 0.000000 0.000000 0.000000 0.000000 0.000000 0.000000 0.000000 0.000000 0.000000
0.000000 1.000000 0.000000 0.000000 0.000000 0.000000 0.000000 0.000000 0.000000 0.000000 0.000000 0.000000 0.000000 0.000000 0.000000 0.000000 0.000000 0.000000 0.000000 0.000000
0.000000 0.000000 0.000000 0.000000 0.000000 0.000000 0.000000 0.000000 0.000000 0.000000 0.000000 0.000000 0.000000 0.000000 0.000000 1.000000 0.000000 0.000000 0.000000 0.000000
0.000000 0.000000 0.000000 0.000000 0.000000 0.000000 0.000000 0.000000 0.000000 0.000000 0.000000 0.000000 0.000000 0.000000 0.000000 0.000000 0.000000 1.000000 0.000000 0.000000
0.000000 0.000000 0.000000 1.000000 0.000000 0.000000 0.000000 0.000000 0.000000 0.000000 0.000000 0.000000 0.000000 0.000000 0.000000 0.000000 0.000000 0.000000 0.000000 0.000000
0.000000 0.000000 0.000000 0.000000 0.000000 0.000000 0.000000 0.000000 0.000000 1.000000 0.000000 0.000000 0.000000 0.000000 0.000000 0.000000 0.000000 0.000000 0.000000 0.000000
0.000000 0.000000 0.000000 0.000000 0.000000 0.000000 0.000000 0.000000 0.000000 1.000000 0.000000 0.000000 0.000000 0.000000 0.000000 0.000000 0.000000 0.000000 0.000000 0.000000
0.000000 0.000000 0.000000 0.000000 0.000000 0.000000 0.000000 0.000000 0.000000 0.000000 0.000000 1.000000 0.000000 0.000000 0.000000 0.000000 0.000000 0.000000 0.000000 0.000000
0.000000 0.000000 0.000000 0.000000 0.000000 0.000000 0.000000 0.000000 0.000000 1.000000 0.000000 0.000000 0.000000 0.000000 0.000000 0.000000 0.000000 0.000000 0.000000 0.000000