MEME version 4.11.1

ALPHABET= ACDEFGHIKLMNPQRSTVWY

Background letter frequencies (from unknown source):
A 0.111 C 0.078 D 0.012 E 0.054 F 0.033 G 0.090 H 0.006 I 0.054 K 0.030
L 0.078 M 0.036 N 0.039 P 0.051 Q 0.033 R 0.018 S 0.048 T 0.075 V 0.105
W 0.024 Y 0.021

MOTIF 4

log-odds matrix: alength= 20 w= 16 E= 4.5e+001
  -194   -411     32    -99   -172   -273     83   -110    377   -105    260   -110   -232    -23    158    -97   -169   -207   -274   -113
  -206   -443    167    -33   -241   -224    243   -241     34   -220   -219    307   -220    318     71    -42   -159   -300   -312   -140
  -354   -493     75   -270   -301   -314    132   -288   -145   -347   -352    440   -337   -181   -123    -89   -247   -396   -379   -229
   148   -284    -46   -206   -148   -223    -15     29   -127   -105   -152   -211   -243   -180    -72    -50   -140    185   -324   -159
  -187   -373    150   -116    -76   -238    167    -28     -7    153   -106    318   -215    -44     31    -50   -143   -150   -198    -67
  -291   -433   -148   -330   -155   -426   -137    360   -216      3    -90   -294   -386   -290   -184   -244   -246     40   -381   -182
  -167   -321    -40   -212   -104   -312      1    264    -95    -15    -82   -143   -257   -153    -54     -8    156     30   -292   -112
  -177   -445     53    -91   -244   -256     66   -237    355   -221   -251   -110    272    -51    138    -78   -183   -280   -345   -172
  -147   -393    166    290   -177   -277     47     -8    -25   -136   -186   -136   -226    -42    -13   -113   -170    119   -321   -143
  -177   -433    531      1   -247   -179    102   -271    -24   -272   -281     43   -215    -73    -13    188   -100   -311   -358   -153
  -490   -735     32    413   -534   -517   -209   -492   -343   -542   -555   -354   -550   -279   -323   -413   -507   -573   -621   -468
  -490   -735     32    413   -534   -517   -209   -492   -343   -542   -555   -354   -550   -279   -323   -413   -507   -573   -621   -468
  -223   -384   -143   -319   -155   -415   -113    310   -218    -17   -104   -291   -362   -285   -170   -234   -210    164   -382   -195
  -222   -495    -11   -270   -365    326    -78   -390   -180   -411   -391   -169   -349   -283   -121   -152   -338   -416   -413   -288
  -222   -495    -11   -270   -365    326    -78   -390   -180   -411   -391   -169   -349   -283   -121   -152   -338   -416   -413   -288
  -307   -463     75   -228    -82   -288    115   -258   -110   -212   -269    272   -328   -149    -46   -138   -250   -325    441    -28


letter-probability matrix: alength= 20 w= 16 nsites= 2 E= 4.5e+001
0.000000 0.000000 0.000000 0.000000 0.000000 0.000000 0.000000 0.000000 0.500000 0.000000 0.500000 0.000000 0.000000 0.000000 0.000000 0.000000 0.000000 0.000000 0.000000 0.000000
0.000000 0.000000 0.000000 0.000000 0.000000 0.000000 0.000000 0.000000 0.000000 0.000000 0.000000 0.500000 0.000000 0.500000 0.000000 0.000000 0.000000 0.000000 0.000000 0.000000
0.000000 0.000000 0.000000 0.000000 0.000000 0.000000 0.000000 0.000000 0.000000 0.000000 0.000000 1.000000 0.000000 0.000000 0.000000 0.000000 0.000000 0.000000 0.000000 0.000000
0.500000 0.000000 0.000000 0.000000 0.000000 0.000000 0.000000 0.000000 0.000000 0.000000 0.000000 0.000000 0.000000 0.000000 0.000000 0.000000 0.000000 0.500000 0.000000 0.000000
0.000000 0.000000 0.000000 0.000000 0.000000 0.000000 0.000000 0.000000 0.000000 0.500000 0.000000 0.500000 0.000000 0.000000 0.000000 0.000000 0.000000 0.000000 0.000000 0.000000
0.000000 0.000000 0.000000 0.000000 0.000000 0.000000 0.000000 1.000000 0.000000 0.000000 0.000000 0.000000 0.000000 0.000000 0.000000 0.000000 0.000000 0.000000 0.000000 0.000000
0.000000 0.000000 0.000000 0.000000 0.000000 0.000000 0.000000 0.500000 0.000000 0.000000 0.000000 0.000000 0.000000 0.000000 0.000000 0.000000 0.500000 0.000000 0.000000 0.000000
0.000000 0.000000 0.000000 0.000000 0.000000 0.000000 0.000000 0.000000 0.500000 0.000000 0.000000 0.000000 0.500000 0.000000 0.000000 0.000000 0.000000 0.000000 0.000000 0.000000
0.000000 0.000000 0.000000 0.500000 0.000000 0.000000 0.000000 0.000000 0.000000 0.000000 0.000000 0.000000 0.000000 0.000000 0.000000 0.000000 0.000000 0.500000 0.000000 0.000000
0.000000 0.000000 0.500000 0.000000 0.000000 0.000000 0.000000 0.000000 0.000000 0.000000 0.000000 0.000000 0.000000 0.000000 0.000000 0.500000 0.000000 0.000000 0.000000 0.000000
0.000000 0.000000 0.000000 1.000000 0.000000 0.000000 0.000000 0.000000 0.000000 0.000000 0.000000 0.000000 0.000000 0.000000 0.000000 0.000000 0.000000 0.000000 0.000000 0.000000
0.000000 0.000000 0.000000 1.000000 0.000000 0.000000 0.000000 0.000000 0.000000 0.000000 0.000000 0.000000 0.000000 0.000000 0.000000 0.000000 0.000000 0.000000 0.000000 0.000000
0.000000 0.000000 0.000000 0.000000 0.000000 0.000000 0.000000 0.500000 0.000000 0.000000 0.000000 0.000000 0.000000 0.000000 0.000000 0.000000 0.000000 0.500000 0.000000 0.000000
0.000000 0.000000 0.000000 0.000000 0.000000 1.000000 0.000000 0.000000 0.000000 0.000000 0.000000 0.000000 0.000000 0.000000 0.000000 0.000000 0.000000 0.000000 0.000000 0.000000
0.000000 0.000000 0.000000 0.000000 0.000000 1.000000 0.000000 0.000000 0.000000 0.000000 0.000000 0.000000 0.000000 0.000000 0.000000 0.000000 0.000000 0.000000 0.000000 0.000000
0.000000 0.000000 0.000000 0.000000 0.000000 0.000000 0.000000 0.000000 0.000000 0.000000 0.000000 0.500000 0.000000 0.000000 0.000000 0.000000 0.000000 0.000000 0.500000 0.000000