MEME version 4.11.1

ALPHABET= ACDEFGHIKLMNPQRSTVWY

Background letter frequencies (from unknown source):
A 0.129 C 0.069 D 0.008 E 0.042 F 0.025 G 0.095 H 0.010 I 0.057 K 0.071
L 0.059 M 0.051 N 0.033 P 0.061 Q 0.022 R 0.032 S 0.074 T 0.053 V 0.073
W 0.027 Y 0.007

MOTIF 3

log-odds matrix: alength= 20 w= 8 E= 9.2e-016
  -258   -441   -125   -392   -387   -351   -276   -479   -449   -424   -511   -244    139   -316   -342    333    -97   -410   -561   -231
  -404   -495   -186   -391   -153   -535   -309    360   -438    130   -178   -361   -508   -319   -366   -402   -281     25   -458   -108
  -272   -406   -180   -364   -239   -515   -269    155   -456   -142   -307   -387   -452   -343   -336   -406   -215    333   -551   -217
  -446   -558   -207   -375   -460   -512   -243   -408    369   -416   -499   -309   -480   -287     12   -442   -372   -483   -511   -252
   252   -312   -133   -317   -285   -240   -244   -331   -408   -280   -370   -297   -416   -266   -295     98   -191   -198   -471   -183
   251   -302   -124   -300   -254   -242   -233   -233   -388   -231   -335   -299   -434   -258   -282   -110   -191     74   -452   -159
  -343   -572    -54   -335   -420    329   -247   -502   -404   -472   -539   -243   -468   -327   -299   -313   -392   -468   -513   -232
  -459    379   -259   -437   -405   -585   -343   -422   -566   -418   -500   -446   -570   -417   -413   -471   -380   -485   -640   -318


letter-probability matrix: alength= 20 w= 8 nsites= 10 E= 9.2e-016
0.000000 0.000000 0.000000 0.000000 0.000000 0.000000 0.000000 0.000000 0.000000 0.000000 0.000000 0.000000 0.200000 0.000000 0.000000 0.800000 0.000000 0.000000 0.000000 0.000000
0.000000 0.000000 0.000000 0.000000 0.000000 0.000000 0.000000 0.800000 0.000000 0.200000 0.000000 0.000000 0.000000 0.000000 0.000000 0.000000 0.000000 0.000000 0.000000 0.000000
0.000000 0.000000 0.000000 0.000000 0.000000 0.000000 0.000000 0.200000 0.000000 0.000000 0.000000 0.000000 0.000000 0.000000 0.000000 0.000000 0.000000 0.800000 0.000000 0.000000
0.000000 0.000000 0.000000 0.000000 0.000000 0.000000 0.000000 0.000000 1.000000 0.000000 0.000000 0.000000 0.000000 0.000000 0.000000 0.000000 0.000000 0.000000 0.000000 0.000000
0.800000 0.000000 0.000000 0.000000 0.000000 0.000000 0.000000 0.000000 0.000000 0.000000 0.000000 0.000000 0.000000 0.000000 0.000000 0.200000 0.000000 0.000000 0.000000 0.000000
0.800000 0.000000 0.000000 0.000000 0.000000 0.000000 0.000000 0.000000 0.000000 0.000000 0.000000 0.000000 0.000000 0.000000 0.000000 0.000000 0.000000 0.200000 0.000000 0.000000
0.000000 0.000000 0.000000 0.000000 0.000000 1.000000 0.000000 0.000000 0.000000 0.000000 0.000000 0.000000 0.000000 0.000000 0.000000 0.000000 0.000000 0.000000 0.000000 0.000000
0.000000 1.000000 0.000000 0.000000 0.000000 0.000000 0.000000 0.000000 0.000000 0.000000 0.000000 0.000000 0.000000 0.000000 0.000000 0.000000 0.000000 0.000000 0.000000 0.000000