MEME version 4.11.1

ALPHABET= ACDEFGHIKLMNPQRSTVWY

Background letter frequencies (from unknown source):
A 0.079 C 0.001 D 0.038 E 0.107 F 0.001 G 0.081 H 0.006 I 0.017 K 0.157
L 0.102 M 0.082 N 0.037 P 0.018 Q 0.027 R 0.006 S 0.120 T 0.023 V 0.054
W 0.038 Y 0.007

MOTIF 1

log-odds matrix: alength= 20 w= 21 E= 1.2e-221
  -542    -98   -767   -824    244   -758   -390    -27   -864    215    264   -696   -516   -502   -331   -785   -389   -272   -573   -228
  -367    -61   -595   -764     24   -501   -377   -261   -806    211   -564   -547   -436   -540   -305    215   -334   -425   -705   -309
   245    -32   -497   -560   -129   -448   -217   -405    175   -582   -677   -413   -380   -306     35   -436   -267   -462   -712   -333
  -371    -95   -192    226    125   -537   -238    170   -501   -260    212   -405   -349   -223   -133   -522   -271   -224   -655   -244
  -598   -161   -643   -766     92   -664   -377   -175   -805    326   -452   -640   -479   -524   -292   -732   -442   -393   -673   -316
  -363   -246   -140    229   -161   -487   -156   -364    138   -533   -627   -326   -309   -151     44   -476   -266   -447   -739   -310
  -465   -159   -275   -466   -123   -445   -125   -422    174   -578   -686    353   -380   -249     79   -454   -284   -535   -698   -272
  -491   -104   -628   -781    -71   -646   -423    -97   -837   -475   -641   -641   -496   -621   -345   -707   -376    418   -792   -411
  -598   -161   -643   -766     92   -664   -377   -175   -805    326   -452   -640   -479   -524   -292   -732   -442   -393   -673   -316
  -515   -190   -178    317   -122   -554   -254   -366   -709   -642   -735   -400   -494   -321   -241   -625   -407   -534   -722   -365
  -347    -60   -205   -466   -104   -368   -140   -479   -560   -658   -766    355   -346   -340   -158    212   -238   -528   -746   -285
  -511   -175   -629   -838   -222   -590   -435   -608   -875   -764   -902   -607   -494   -633   -366    304   -366   -669   -808   -469
    99     85   -522   -669    -77   -352   -326   -391   -732   -593   -662   -421   -314   -447   -220    275   -134   -391   -719   -360
  -463      8   -484   -622     89   -553   -263    -22   -638   -235    350   -466   -371   -426   -218   -551   -301   -299   -477   -121
   363    -57   -612   -770   -163   -492   -408   -485   -832   -675   -779   -584   -446   -572   -322   -489   -350   -501   -775   -440
  -427    -45   -475   -566    -93   -533   -211   -285    259   -546   -622   -377   -354   -371    210   -564   -302   -491   -610   -295
  -404   -128   -401   -601   -121    359   -282   -453   -646   -665   -736   -388   -407   -479   -172   -513   -395   -551   -678   -344
  -490   -131    465   -344    -71   -523   -199   -387   -674   -598   -708   -215   -430   -428   -203   -550   -384   -512   -672   -291
  -404   -128   -401   -601   -121    359   -282   -453   -646   -665   -736   -388   -407   -479   -172   -513   -395   -551   -678   -344
  -498    -42   -444   -584    260   -516   -224   -315   -627   -367   -554   -438   -380   -385   -121   -572   -348   -420    463    -25
   217    -32   -318   -381    -33   -408    457   -283    127   -450   -542   -246   -301   -141    195   -381    114   -383   -606   -196


letter-probability matrix: alength= 20 w= 21 nsites= 20 E= 1.2e-221
0.000000 0.000000 0.000000 0.000000 0.000000 0.000000 0.000000 0.000000 0.000000 0.450000 0.550000 0.000000 0.000000 0.000000 0.000000 0.000000 0.000000 0.000000 0.000000 0.000000
0.000000 0.000000 0.000000 0.000000 0.000000 0.000000 0.000000 0.000000 0.000000 0.450000 0.000000 0.000000 0.000000 0.000000 0.000000 0.550000 0.000000 0.000000 0.000000 0.000000
0.450000 0.000000 0.000000 0.000000 0.000000 0.000000 0.000000 0.000000 0.550000 0.000000 0.000000 0.000000 0.000000 0.000000 0.000000 0.000000 0.000000 0.000000 0.000000 0.000000
0.000000 0.000000 0.000000 0.550000 0.000000 0.000000 0.000000 0.050000 0.000000 0.000000 0.400000 0.000000 0.000000 0.000000 0.000000 0.000000 0.000000 0.000000 0.000000 0.000000
0.000000 0.000000 0.000000 0.000000 0.000000 0.000000 0.000000 0.000000 0.000000 1.000000 0.000000 0.000000 0.000000 0.000000 0.000000 0.000000 0.000000 0.000000 0.000000 0.000000
0.000000 0.000000 0.000000 0.550000 0.000000 0.000000 0.000000 0.000000 0.450000 0.000000 0.000000 0.000000 0.000000 0.000000 0.000000 0.000000 0.000000 0.000000 0.000000 0.000000
0.000000 0.000000 0.000000 0.000000 0.000000 0.000000 0.000000 0.000000 0.550000 0.000000 0.000000 0.450000 0.000000 0.000000 0.000000 0.000000 0.000000 0.000000 0.000000 0.000000
0.000000 0.000000 0.000000 0.000000 0.000000 0.000000 0.000000 0.000000 0.000000 0.000000 0.000000 0.000000 0.000000 0.000000 0.000000 0.000000 0.000000 1.000000 0.000000 0.000000
0.000000 0.000000 0.000000 0.000000 0.000000 0.000000 0.000000 0.000000 0.000000 1.000000 0.000000 0.000000 0.000000 0.000000 0.000000 0.000000 0.000000 0.000000 0.000000 0.000000
0.000000 0.000000 0.000000 1.000000 0.000000 0.000000 0.000000 0.000000 0.000000 0.000000 0.000000 0.000000 0.000000 0.000000 0.000000 0.000000 0.000000 0.000000 0.000000 0.000000
0.000000 0.000000 0.000000 0.000000 0.000000 0.000000 0.000000 0.000000 0.000000 0.000000 0.000000 0.450000 0.000000 0.000000 0.000000 0.550000 0.000000 0.000000 0.000000 0.000000
0.000000 0.000000 0.000000 0.000000 0.000000 0.000000 0.000000 0.000000 0.000000 0.000000 0.000000 0.000000 0.000000 0.000000 0.000000 1.000000 0.000000 0.000000 0.000000 0.000000
0.150000 0.000000 0.000000 0.000000 0.000000 0.000000 0.000000 0.000000 0.000000 0.000000 0.000000 0.000000 0.000000 0.000000 0.000000 0.850000 0.000000 0.000000 0.000000 0.000000
0.000000 0.000000 0.000000 0.000000 0.000000 0.000000 0.000000 0.050000 0.000000 0.000000 0.950000 0.000000 0.000000 0.000000 0.000000 0.000000 0.000000 0.000000 0.000000 0.000000
1.000000 0.000000 0.000000 0.000000 0.000000 0.000000 0.000000 0.000000 0.000000 0.000000 0.000000 0.000000 0.000000 0.000000 0.000000 0.000000 0.000000 0.000000 0.000000 0.000000
0.000000 0.000000 0.000000 0.000000 0.000000 0.000000 0.000000 0.000000 1.000000 0.000000 0.000000 0.000000 0.000000 0.000000 0.000000 0.000000 0.000000 0.000000 0.000000 0.000000
0.000000 0.000000 0.000000 0.000000 0.000000 1.000000 0.000000 0.000000 0.000000 0.000000 0.000000 0.000000 0.000000 0.000000 0.000000 0.000000 0.000000 0.000000 0.000000 0.000000
0.000000 0.000000 1.000000 0.000000 0.000000 0.000000 0.000000 0.000000 0.000000 0.000000 0.000000 0.000000 0.000000 0.000000 0.000000 0.000000 0.000000 0.000000 0.000000 0.000000
0.000000 0.000000 0.000000 0.000000 0.000000 1.000000 0.000000 0.000000 0.000000 0.000000 0.000000 0.000000 0.000000 0.000000 0.000000 0.000000 0.000000 0.000000 0.000000 0.000000
0.000000 0.000000 0.000000 0.000000 0.000000 0.000000 0.000000 0.000000 0.000000 0.000000 0.000000 0.000000 0.000000 0.000000 0.000000 0.000000 0.000000 0.000000 1.000000 0.000000
0.400000 0.000000 0.000000 0.000000 0.000000 0.000000 0.150000 0.000000 0.400000 0.000000 0.000000 0.000000 0.000000 0.000000 0.000000 0.000000 0.050000 0.000000 0.000000 0.000000