MEME version 4.11.1

ALPHABET= ACDEFGHIKLMNPQRSTVWY

Background letter frequencies (from unknown source):
A 0.091 C 0.064 D 0.087 E 0.100 F 0.009 G 0.032 H 0.005 I 0.073 K 0.018
L 0.073 M 0.050 N 0.032 P 0.009 Q 0.032 R 0.005 S 0.183 T 0.091 V 0.037
W 0.005 Y 0.005

MOTIF 1

log-odds matrix: alength= 20 w= 12 E= 2.0e-004
  -252   -473   -285    -41   -169   -257    230   -370    -29   -229   -255   -146    -47    455    178   -385   -320   -234   -130    -67
  -245   -386   -475   -459    -10   -314   -136    279   -196    -33   -178   -308   -167   -335    -28   -476   -277    320   -197    -18
  -458   -525   -584   -591   -151   -397   -212   -282   -306   -167    420   -427   -252   -430   -161   -591   -482   -222   -156    -40
   291   -245   -384   -357    -74    181    -52   -296   -126   -242   -302   -212    -82   -242     62   -186   -214    -36   -151    -42
   312   -261   -406   -373    -80    -46    -69   -296   -143   -247   -312   -242   -104   -262     47   -206   -236    -45   -159    -48
  -165   -351   -360   -407   -118   -151    -48   -387   -115   -335   -387   -115    -61   -259     71    210    -15   -243   -190    -30
  -400    391   -591   -558   -252   -418   -221   -449   -362   -441   -491   -433   -289   -462   -123   -592   -452   -375   -378   -239
  -219   -376   -384   -413   -113   -212    -46   -271   -110   -299   -309   -125    -95   -222     68   -162    313   -118   -180    -60
  -219   -376   -384   -413   -113   -212    -46   -271   -110   -299   -309   -125    -95   -222     68   -162    313   -118   -180    -60
  -144     24   -359   -383    -81   -156    -17   -261    -80   -270   -285    -92    -50   -195     99     63    236   -106   -156    -25
   -81   -350   -300   -314    -88    419      1   -286    -65   -260   -324   -128    -40   -198    106    -61   -227    153   -152     -9
  -347    385   -579   -543   -198   -371   -203   -310   -334   -348   -430   -410   -260   -436   -106   -541   -412    -52   -340   -188


letter-probability matrix: alength= 20 w= 12 nsites= 4 E= 2.0e-004
0.000000 0.000000 0.000000 0.250000 0.000000 0.000000 0.000000 0.000000 0.000000 0.000000 0.000000 0.000000 0.000000 0.750000 0.000000 0.000000 0.000000 0.000000 0.000000 0.000000
0.000000 0.000000 0.000000 0.000000 0.000000 0.000000 0.000000 0.500000 0.000000 0.000000 0.000000 0.000000 0.000000 0.000000 0.000000 0.000000 0.000000 0.500000 0.000000 0.000000
0.000000 0.000000 0.000000 0.000000 0.000000 0.000000 0.000000 0.000000 0.000000 0.000000 1.000000 0.000000 0.000000 0.000000 0.000000 0.000000 0.000000 0.000000 0.000000 0.000000
0.750000 0.000000 0.000000 0.000000 0.000000 0.250000 0.000000 0.000000 0.000000 0.000000 0.000000 0.000000 0.000000 0.000000 0.000000 0.000000 0.000000 0.000000 0.000000 0.000000
1.000000 0.000000 0.000000 0.000000 0.000000 0.000000 0.000000 0.000000 0.000000 0.000000 0.000000 0.000000 0.000000 0.000000 0.000000 0.000000 0.000000 0.000000 0.000000 0.000000
0.000000 0.000000 0.000000 0.000000 0.000000 0.000000 0.000000 0.000000 0.000000 0.000000 0.000000 0.000000 0.000000 0.000000 0.000000 1.000000 0.000000 0.000000 0.000000 0.000000
0.000000 1.000000 0.000000 0.000000 0.000000 0.000000 0.000000 0.000000 0.000000 0.000000 0.000000 0.000000 0.000000 0.000000 0.000000 0.000000 0.000000 0.000000 0.000000 0.000000
0.000000 0.000000 0.000000 0.000000 0.000000 0.000000 0.000000 0.000000 0.000000 0.000000 0.000000 0.000000 0.000000 0.000000 0.000000 0.000000 1.000000 0.000000 0.000000 0.000000
0.000000 0.000000 0.000000 0.000000 0.000000 0.000000 0.000000 0.000000 0.000000 0.000000 0.000000 0.000000 0.000000 0.000000 0.000000 0.000000 1.000000 0.000000 0.000000 0.000000
0.000000 0.250000 0.000000 0.000000 0.000000 0.000000 0.000000 0.000000 0.000000 0.000000 0.000000 0.000000 0.000000 0.000000 0.000000 0.250000 0.500000 0.000000 0.000000 0.000000
0.000000 0.000000 0.000000 0.000000 0.000000 0.500000 0.000000 0.000000 0.000000 0.000000 0.000000 0.000000 0.000000 0.000000 0.000000 0.250000 0.000000 0.250000 0.000000 0.000000
0.000000 0.750000 0.000000 0.000000 0.000000 0.000000 0.000000 0.000000 0.000000 0.000000 0.000000 0.000000 0.000000 0.000000 0.000000 0.000000 0.000000 0.250000 0.000000 0.000000