MEME version 4.11.1

ALPHABET= ACDEFGHIKLMNPQRSTVWY

Background letter frequencies (from unknown source):
A 0.081 C 0.091 D 0.081 E 0.078 F 0.033 G 0.087 H 0.023 I 0.017 K 0.009
L 0.102 M 0.054 N 0.031 P 0.047 Q 0.008 R 0.009 S 0.122 T 0.054 V 0.060
W 0.006 Y 0.006

MOTIF 1

log-odds matrix: alength= 20 w= 21 E= 5.9e-081
  -218   -566   -326   -368   -414    329   -317   -274    -50   -506   -493   -175   -388   -121    173   -329    -86   -386   -259   -160
    90   -379    -29   -334   -108   -346   -226    132    -11     76    229   -218   -317     -7    -23   -298   -135    153   -103     57
    90   -584     23    128   -351    126   -165   -188    133   -367   -389    -48   -285    134     49   -244    195   -298   -280    -68
  -334   -515   -657   -593   -259   -605   -535    352   -286    129   -292   -478   -541   -290   -308   -585   -311    308   -363   -194
  -476   -781   -263    362   -563   -542   -436   -351   -234   -618   -649   -351   -586   -103   -280   -589   -274   -525   -452   -329
    14   -427   -458   -472   -381   -303   -375   -250   -122   -456   -462   -202   -344   -133   -120    270    -22   -336   -313   -170
  -360   -537   -575   -469   -128   -540   -370    209   -151    301   -142   -394   -414    -96   -125   -500   -322   -149   -200    -79
  -254   -460   -375   -392   -334   -416   -291    -92      0   -390   -337     89   -365    -21    245   -113    377   -222   -257   -145
   313   -318   -421   -353   -232   -215   -313    -26    -54   -109    -58   -267   -404    -75    -66   -165   -183      1   -193    -83
  -288   -624   -394   -437   -469    343   -378   -340   -123   -562   -561   -245   -440   -188   -131   -398   -409   -453   -313   -218
  -565   -713   -541   -577   -412   -551    537   -452   -304   -561   -612   -295   -520    -79   -173   -565   -497   -573   -330    -63
   -84   -561   -333   -375   -417    333   -323   -277    -61   -509   -496   -182   -389   -128    -71   -328   -341   -386   -262   -165
  -457   -609   -707   -649   -162   -639   -496     28   -314    122    368   -530   -549   -242   -308   -641   -427   -223   -227   -118
  -232   -443   -521   -443   -207   -433   -343    271   -115   -185   -252   -303    221   -115   -130   -353    249    210   -222    -56
  -507   -784   -276    364   -566   -556   -448   -358   -287   -633   -665   -366   -617   -130   -303   -617   -523   -541   -452   -337
  -133   -391   -413   -351   -187   -390     69    283    -41   -181   -244    122   -322    -60    -39   -355   -146    332   -190    -42
  -288   -624   -394   -437   -469    343   -378   -340   -123   -562   -561   -245   -440   -188   -131   -398   -409   -453   -313   -218
   353   -473   -561   -525   -432   -339   -459   -272   -231   -475   -505   -396   -459   -224   -223   -307   -310   -298   -356   -255
  -328   -591   -558   -597   -498   -453   -476   -397   -250   -585   -619   -340   -473   -266   -246    296   -183   -506   -404   -272
  -149    176   -429   -333    -98   -332   -213    134     -4     10   -153    113   -305      1    -12   -284     63     89    433     73
  -173     64   -292   -311   -263   -295   -242    -64      9    -30   -339    357    242    -13    -39   -265   -203   -204   -239    -53


letter-probability matrix: alength= 20 w= 21 nsites= 11 E= 5.9e-081
0.000000 0.000000 0.000000 0.000000 0.000000 0.818182 0.000000 0.000000 0.000000 0.000000 0.000000 0.000000 0.000000 0.000000 0.090909 0.000000 0.090909 0.000000 0.000000 0.000000
0.181818 0.000000 0.090909 0.000000 0.000000 0.000000 0.000000 0.000000 0.000000 0.181818 0.363636 0.000000 0.000000 0.000000 0.000000 0.000000 0.000000 0.181818 0.000000 0.000000
0.181818 0.000000 0.090909 0.181818 0.000000 0.272727 0.000000 0.000000 0.000000 0.000000 0.000000 0.000000 0.000000 0.000000 0.000000 0.000000 0.272727 0.000000 0.000000 0.000000
0.000000 0.000000 0.000000 0.000000 0.000000 0.000000 0.000000 0.181818 0.000000 0.272727 0.000000 0.000000 0.000000 0.000000 0.000000 0.000000 0.000000 0.545455 0.000000 0.000000
0.000000 0.000000 0.000000 0.909091 0.000000 0.000000 0.000000 0.000000 0.000000 0.000000 0.000000 0.000000 0.000000 0.000000 0.000000 0.000000 0.090909 0.000000 0.000000 0.000000
0.090909 0.000000 0.000000 0.000000 0.000000 0.000000 0.000000 0.000000 0.000000 0.000000 0.000000 0.000000 0.000000 0.000000 0.000000 0.909091 0.000000 0.000000 0.000000 0.000000
0.000000 0.000000 0.000000 0.000000 0.000000 0.000000 0.000000 0.090909 0.000000 0.909091 0.000000 0.000000 0.000000 0.000000 0.000000 0.000000 0.000000 0.000000 0.000000 0.000000
0.000000 0.000000 0.000000 0.000000 0.000000 0.000000 0.000000 0.000000 0.000000 0.000000 0.000000 0.090909 0.000000 0.000000 0.090909 0.000000 0.818182 0.000000 0.000000 0.000000
0.727273 0.000000 0.000000 0.000000 0.000000 0.000000 0.000000 0.000000 0.000000 0.090909 0.090909 0.000000 0.000000 0.000000 0.000000 0.000000 0.000000 0.090909 0.000000 0.000000
0.000000 0.000000 0.000000 0.000000 0.000000 1.000000 0.000000 0.000000 0.000000 0.000000 0.000000 0.000000 0.000000 0.000000 0.000000 0.000000 0.000000 0.000000 0.000000 0.000000
0.000000 0.000000 0.000000 0.000000 0.000000 0.000000 1.000000 0.000000 0.000000 0.000000 0.000000 0.000000 0.000000 0.000000 0.000000 0.000000 0.000000 0.000000 0.000000 0.000000
0.090909 0.000000 0.000000 0.000000 0.000000 0.909091 0.000000 0.000000 0.000000 0.000000 0.000000 0.000000 0.000000 0.000000 0.000000 0.000000 0.000000 0.000000 0.000000 0.000000
0.000000 0.000000 0.000000 0.000000 0.000000 0.000000 0.000000 0.000000 0.000000 0.272727 0.727273 0.000000 0.000000 0.000000 0.000000 0.000000 0.000000 0.000000 0.000000 0.000000
0.000000 0.000000 0.000000 0.000000 0.000000 0.000000 0.000000 0.090909 0.000000 0.000000 0.000000 0.000000 0.272727 0.000000 0.000000 0.000000 0.363636 0.272727 0.000000 0.000000
0.000000 0.000000 0.000000 1.000000 0.000000 0.000000 0.000000 0.000000 0.000000 0.000000 0.000000 0.000000 0.000000 0.000000 0.000000 0.000000 0.000000 0.000000 0.000000 0.000000
0.000000 0.000000 0.000000 0.000000 0.000000 0.000000 0.090909 0.181818 0.000000 0.000000 0.000000 0.181818 0.000000 0.000000 0.000000 0.000000 0.000000 0.545455 0.000000 0.000000
0.000000 0.000000 0.000000 0.000000 0.000000 1.000000 0.000000 0.000000 0.000000 0.000000 0.000000 0.000000 0.000000 0.000000 0.000000 0.000000 0.000000 0.000000 0.000000 0.000000
1.000000 0.000000 0.000000 0.000000 0.000000 0.000000 0.000000 0.000000 0.000000 0.000000 0.000000 0.000000 0.000000 0.000000 0.000000 0.000000 0.000000 0.000000 0.000000 0.000000
0.000000 0.000000 0.000000 0.000000 0.000000 0.000000 0.000000 0.000000 0.000000 0.000000 0.000000 0.000000 0.000000 0.000000 0.000000 1.000000 0.000000 0.000000 0.000000 0.000000
0.000000 0.454545 0.000000 0.000000 0.000000 0.000000 0.000000 0.000000 0.000000 0.090909 0.000000 0.090909 0.000000 0.000000 0.000000 0.000000 0.090909 0.090909 0.181818 0.000000
0.000000 0.181818 0.000000 0.000000 0.000000 0.000000 0.000000 0.000000 0.000000 0.090909 0.000000 0.454545 0.272727 0.000000 0.000000 0.000000 0.000000 0.000000 0.000000 0.000000