MEME version 4.11.1

ALPHABET= ACDEFGHIKLMNPQRSTVWY

Background letter frequencies (from unknown source):
A 0.083 C 0.107 D 0.095 E 0.107 F 0.024 G 0.012 H 0.012 I 0.042 K 0.024
L 0.095 M 0.042 N 0.024 P 0.012 Q 0.006 R 0.024 S 0.179 T 0.042 V 0.060
W 0.006 Y 0.006

MOTIF 1

log-odds matrix: alength= 20 w= 41 E= 1.9e-018
   319   -319   -391   -349   -196    114   -182   -188   -150   -262   -263   -173   -114      9   -165   -185   -103    -94   -177    -62
  -276   -583    301   -142   -279    -25    214   -323   -120   -391   -400     56   -157     61   -167   -358   -226   -328   -232    -38
  -292   -496   -515   -442    -30   -164   -200     -2   -207    307    -56   -278   -149      5   -191   -476   -217    -91   -131      4
   -89   -406   -279   -274   -207     54    -93   -233    -49   -292   -296    -26    424    102    -87    143     84   -222   -192    -18
   259   -366     77   -109   -189    124    -52   -189     -1   -253   -252      3    -18    167    -65   -189    -76   -115   -168      3
  -292   -496   -515   -442    -30   -164   -200     -2   -207    307    -56   -278   -149      5   -191   -476   -217    -91   -131      4
  -268   -546     97   -228   -268     44     27   -282    -67   -385   -385    471   -101    106   -138   -253   -142   -326   -203    -38
  -275   -500   -469   -456   -130   -160   -266    406   -209    -39   -124   -245   -207    -70   -253   -457   -185    111   -204    -21
  -275   -610    300      1   -319    -65   -117   -331   -131   -402   -410     26   -168     76   -199   -395   -253   -330   -260    -95
   156   -348   -327   -316   -209    102   -130   -226    -92   -296   -286    -57    -26     67   -117    151     79   -174   -189    -33
  -292   -496   -515   -442    -30   -164   -200     -2   -207    307    -56   -278   -149      5   -191   -476   -217    -91   -131      4
  -474   -794   -281    316   -505   -246   -328   -469   -355   -595   -600   -303   -377    -57   -398   -633   -450   -513   -434   -309
  -275   -500   -469   -456   -130   -160   -266    406   -209    -39   -124   -245   -207    -70   -253   -457   -185    111   -204    -21
  -128   -406   -340   -374   -231     15   -155   -276   -118   -344   -332    -45    -72     18   -138    205    120   -282   -206    -42
  -474   -794   -281    316   -505   -246   -328   -469   -355   -595   -600   -303   -377    -57   -398   -633   -450   -513   -434   -309
  -334   -474   -502   -494    516   -179   -218   -167   -288   -148   -253   -299   -178   -133   -308   -449   -327   -230    -35    223
  -292   -496   -515   -442    -30   -164   -200     -2   -207    307    -56   -278   -149      5   -191   -476   -217    -91   -131      4
  -321   -603    318   -160   -318    -89   -136   -344   -218   -424   -437     26   -220    -28   -242   -428   -297   -354   -256   -102
  -275   -610    300      1   -319    -65   -117   -331   -131   -402   -410     26   -168     76   -199   -395   -253   -330   -260    -95
  -134   -426   -179   -245   -215     74    -32   -254    -21   -320   -310    278    -40    123    -74    157    111   -266   -189      1
  -342   -517   -489   -475   -355   -129    -76   -336     29   -382   -422   -199   -136     73    522   -472   -296   -421   -160   -128
  -292   -496   -515   -442    -30   -164   -200     -2   -207    307    -56   -278   -149      5   -191   -476   -217    -91   -131      4
  -474   -794   -281    316   -505   -246   -328   -469   -355   -595   -600   -303   -377    -57   -398   -633   -450   -513   -434   -309
  -321   -603    318   -160   -318    -89   -136   -344   -218   -424   -437     26   -220    -28   -242   -428   -297   -354   -256   -102
   -48   -384   -251   -290   -229    430    -96   -260    -70   -326   -315      1    -32     82   -108    144     56   -222   -198    -32
  -474   -794   -281    316   -505   -246   -328   -469   -355   -595   -600   -303   -377    -57   -398   -633   -450   -513   -434   -309
  -117   -398   -428   -394   -154   -100   -178     89   -188   -155   -214   -236   -114    -41   -181   -418    -99    364   -220    -79
  -117   -398   -428   -394   -154   -100   -178     89   -188   -155   -214   -236   -114    -41   -181   -418    -99    364   -220    -79
   319   -319   -391   -349   -196    114   -182   -188   -150   -262   -263   -173   -114      9   -165   -185   -103    -94   -177    -62
  -348   -597   -508   -449   -418   -177   -220   -333    523   -446   -435   -220   -213    -33     82   -524   -300   -414   -267   -181
  -117   -398   -428   -394   -154   -100   -178     89   -188   -155   -214   -236   -114    -41   -181   -418    -99    364   -220    -79
  -432   -593   -590   -587   -275   -247   -340   -191   -331   -197    446   -376   -283   -176   -385   -578   -357   -280   -190    -72
  -128   -406   -340   -374   -231     15   -155   -276   -118   -344   -332    -45    -72     18   -138    205    120   -282   -206    -42
   319   -319   -391   -349   -196    114   -182   -188   -150   -262   -263   -173   -114      9   -165   -185   -103    -94   -177    -62
  -128   -406   -340   -374   -231     15   -155   -276   -118   -344   -332    -45    -72     18   -138    205    120   -282   -206    -42
  -383    316   -603   -565   -388   -272   -357   -365   -398   -476   -462   -388   -325   -218   -360   -584   -337   -440   -413   -274
  -176   -426   -363   -377   -220    -41   -152   -157   -111   -301   -253    -54   -102     54   -137   -128    418   -158   -193    -65
  -176   -426   -363   -377   -220    -41   -152   -157   -111   -301   -253    -54   -102     54   -137   -128    418   -158   -193    -65
  -383    316   -603   -565   -388   -272   -357   -365   -398   -476   -462   -388   -325   -218   -360   -584   -337   -440   -413   -274
  -474   -794   -281    316   -505   -246   -328   -469   -355   -595   -600   -303   -377    -57   -398   -633   -450   -513   -434   -309
  -383    316   -603   -565   -388   -272   -357   -365   -398   -476   -462   -388   -325   -218   -360   -584   -337   -440   -413   -274


letter-probability matrix: alength= 20 w= 41 nsites= 3 E= 1.9e-018
1.000000 0.000000 0.000000 0.000000 0.000000 0.000000 0.000000 0.000000 0.000000 0.000000 0.000000 0.000000 0.000000 0.000000 0.000000 0.000000 0.000000 0.000000 0.000000 0.000000
0.000000 0.000000 0.666667 0.000000 0.000000 0.000000 0.333333 0.000000 0.000000 0.000000 0.000000 0.000000 0.000000 0.000000 0.000000 0.000000 0.000000 0.000000 0.000000 0.000000
0.000000 0.000000 0.000000 0.000000 0.000000 0.000000 0.000000 0.000000 0.000000 1.000000 0.000000 0.000000 0.000000 0.000000 0.000000 0.000000 0.000000 0.000000 0.000000 0.000000
0.000000 0.000000 0.000000 0.000000 0.000000 0.000000 0.000000 0.000000 0.000000 0.000000 0.000000 0.000000 0.333333 0.000000 0.000000 0.666667 0.000000 0.000000 0.000000 0.000000
0.666667 0.000000 0.333333 0.000000 0.000000 0.000000 0.000000 0.000000 0.000000 0.000000 0.000000 0.000000 0.000000 0.000000 0.000000 0.000000 0.000000 0.000000 0.000000 0.000000
0.000000 0.000000 0.000000 0.000000 0.000000 0.000000 0.000000 0.000000 0.000000 1.000000 0.000000 0.000000 0.000000 0.000000 0.000000 0.000000 0.000000 0.000000 0.000000 0.000000
0.000000 0.000000 0.333333 0.000000 0.000000 0.000000 0.000000 0.000000 0.000000 0.000000 0.000000 0.666667 0.000000 0.000000 0.000000 0.000000 0.000000 0.000000 0.000000 0.000000
0.000000 0.000000 0.000000 0.000000 0.000000 0.000000 0.000000 1.000000 0.000000 0.000000 0.000000 0.000000 0.000000 0.000000 0.000000 0.000000 0.000000 0.000000 0.000000 0.000000
0.000000 0.000000 0.666667 0.333333 0.000000 0.000000 0.000000 0.000000 0.000000 0.000000 0.000000 0.000000 0.000000 0.000000 0.000000 0.000000 0.000000 0.000000 0.000000 0.000000
0.333333 0.000000 0.000000 0.000000 0.000000 0.000000 0.000000 0.000000 0.000000 0.000000 0.000000 0.000000 0.000000 0.000000 0.000000 0.666667 0.000000 0.000000 0.000000 0.000000
0.000000 0.000000 0.000000 0.000000 0.000000 0.000000 0.000000 0.000000 0.000000 1.000000 0.000000 0.000000 0.000000 0.000000 0.000000 0.000000 0.000000 0.000000 0.000000 0.000000
0.000000 0.000000 0.000000 1.000000 0.000000 0.000000 0.000000 0.000000 0.000000 0.000000 0.000000 0.000000 0.000000 0.000000 0.000000 0.000000 0.000000 0.000000 0.000000 0.000000
0.000000 0.000000 0.000000 0.000000 0.000000 0.000000 0.000000 1.000000 0.000000 0.000000 0.000000 0.000000 0.000000 0.000000 0.000000 0.000000 0.000000 0.000000 0.000000 0.000000
0.000000 0.000000 0.000000 0.000000 0.000000 0.000000 0.000000 0.000000 0.000000 0.000000 0.000000 0.000000 0.000000 0.000000 0.000000 1.000000 0.000000 0.000000 0.000000 0.000000
0.000000 0.000000 0.000000 1.000000 0.000000 0.000000 0.000000 0.000000 0.000000 0.000000 0.000000 0.000000 0.000000 0.000000 0.000000 0.000000 0.000000 0.000000 0.000000 0.000000
0.000000 0.000000 0.000000 0.000000 1.000000 0.000000 0.000000 0.000000 0.000000 0.000000 0.000000 0.000000 0.000000 0.000000 0.000000 0.000000 0.000000 0.000000 0.000000 0.000000
0.000000 0.000000 0.000000 0.000000 0.000000 0.000000 0.000000 0.000000 0.000000 1.000000 0.000000 0.000000 0.000000 0.000000 0.000000 0.000000 0.000000 0.000000 0.000000 0.000000
0.000000 0.000000 1.000000 0.000000 0.000000 0.000000 0.000000 0.000000 0.000000 0.000000 0.000000 0.000000 0.000000 0.000000 0.000000 0.000000 0.000000 0.000000 0.000000 0.000000
0.000000 0.000000 0.666667 0.333333 0.000000 0.000000 0.000000 0.000000 0.000000 0.000000 0.000000 0.000000 0.000000 0.000000 0.000000 0.000000 0.000000 0.000000 0.000000 0.000000
0.000000 0.000000 0.000000 0.000000 0.000000 0.000000 0.000000 0.000000 0.000000 0.000000 0.000000 0.333333 0.000000 0.000000 0.000000 0.666667 0.000000 0.000000 0.000000 0.000000
0.000000 0.000000 0.000000 0.000000 0.000000 0.000000 0.000000 0.000000 0.000000 0.000000 0.000000 0.000000 0.000000 0.000000 1.000000 0.000000 0.000000 0.000000 0.000000 0.000000
0.000000 0.000000 0.000000 0.000000 0.000000 0.000000 0.000000 0.000000 0.000000 1.000000 0.000000 0.000000 0.000000 0.000000 0.000000 0.000000 0.000000 0.000000 0.000000 0.000000
0.000000 0.000000 0.000000 1.000000 0.000000 0.000000 0.000000 0.000000 0.000000 0.000000 0.000000 0.000000 0.000000 0.000000 0.000000 0.000000 0.000000 0.000000 0.000000 0.000000
0.000000 0.000000 1.000000 0.000000 0.000000 0.000000 0.000000 0.000000 0.000000 0.000000 0.000000 0.000000 0.000000 0.000000 0.000000 0.000000 0.000000 0.000000 0.000000 0.000000
0.000000 0.000000 0.000000 0.000000 0.000000 0.333333 0.000000 0.000000 0.000000 0.000000 0.000000 0.000000 0.000000 0.000000 0.000000 0.666667 0.000000 0.000000 0.000000 0.000000
0.000000 0.000000 0.000000 1.000000 0.000000 0.000000 0.000000 0.000000 0.000000 0.000000 0.000000 0.000000 0.000000 0.000000 0.000000 0.000000 0.000000 0.000000 0.000000 0.000000
0.000000 0.000000 0.000000 0.000000 0.000000 0.000000 0.000000 0.000000 0.000000 0.000000 0.000000 0.000000 0.000000 0.000000 0.000000 0.000000 0.000000 1.000000 0.000000 0.000000
0.000000 0.000000 0.000000 0.000000 0.000000 0.000000 0.000000 0.000000 0.000000 0.000000 0.000000 0.000000 0.000000 0.000000 0.000000 0.000000 0.000000 1.000000 0.000000 0.000000
1.000000 0.000000 0.000000 0.000000 0.000000 0.000000 0.000000 0.000000 0.000000 0.000000 0.000000 0.000000 0.000000 0.000000 0.000000 0.000000 0.000000 0.000000 0.000000 0.000000
0.000000 0.000000 0.000000 0.000000 0.000000 0.000000 0.000000 0.000000 1.000000 0.000000 0.000000 0.000000 0.000000 0.000000 0.000000 0.000000 0.000000 0.000000 0.000000 0.000000
0.000000 0.000000 0.000000 0.000000 0.000000 0.000000 0.000000 0.000000 0.000000 0.000000 0.000000 0.000000 0.000000 0.000000 0.000000 0.000000 0.000000 1.000000 0.000000 0.000000
0.000000 0.000000 0.000000 0.000000 0.000000 0.000000 0.000000 0.000000 0.000000 0.000000 1.000000 0.000000 0.000000 0.000000 0.000000 0.000000 0.000000 0.000000 0.000000 0.000000
0.000000 0.000000 0.000000 0.000000 0.000000 0.000000 0.000000 0.000000 0.000000 0.000000 0.000000 0.000000 0.000000 0.000000 0.000000 1.000000 0.000000 0.000000 0.000000 0.000000
1.000000 0.000000 0.000000 0.000000 0.000000 0.000000 0.000000 0.000000 0.000000 0.000000 0.000000 0.000000 0.000000 0.000000 0.000000 0.000000 0.000000 0.000000 0.000000 0.000000
0.000000 0.000000 0.000000 0.000000 0.000000 0.000000 0.000000 0.000000 0.000000 0.000000 0.000000 0.000000 0.000000 0.000000 0.000000 1.000000 0.000000 0.000000 0.000000 0.000000
0.000000 1.000000 0.000000 0.000000 0.000000 0.000000 0.000000 0.000000 0.000000 0.000000 0.000000 0.000000 0.000000 0.000000 0.000000 0.000000 0.000000 0.000000 0.000000 0.000000
0.000000 0.000000 0.000000 0.000000 0.000000 0.000000 0.000000 0.000000 0.000000 0.000000 0.000000 0.000000 0.000000 0.000000 0.000000 0.000000 1.000000 0.000000 0.000000 0.000000
0.000000 0.000000 0.000000 0.000000 0.000000 0.000000 0.000000 0.000000 0.000000 0.000000 0.000000 0.000000 0.000000 0.000000 0.000000 0.000000 1.000000 0.000000 0.000000 0.000000
0.000000 1.000000 0.000000 0.000000 0.000000 0.000000 0.000000 0.000000 0.000000 0.000000 0.000000 0.000000 0.000000 0.000000 0.000000 0.000000 0.000000 0.000000 0.000000 0.000000
0.000000 0.000000 0.000000 1.000000 0.000000 0.000000 0.000000 0.000000 0.000000 0.000000 0.000000 0.000000 0.000000 0.000000 0.000000 0.000000 0.000000 0.000000 0.000000 0.000000
0.000000 1.000000 0.000000 0.000000 0.000000 0.000000 0.000000 0.000000 0.000000 0.000000 0.000000 0.000000 0.000000 0.000000 0.000000 0.000000 0.000000 0.000000 0.000000 0.000000