MEME version 4.10.2

ALPHABET= ACDEFGHIKLMNPQRSTVWY

Background letter frequencies (from unknown source):
A 0.130 C 0.003 D 0.076 E 0.153 F 0.025 G 0.059 H 0.006 I 0.042 K 0.037
L 0.096 M 0.023 N 0.017 P 0.031 Q 0.079 R 0.011 S 0.076 T 0.059 V 0.065
W 0.003 Y 0.006

MOTIF 1

letter-probability matrix: alength= 20 w= 27 nsites= 5 E= 1.6e-013
0.000000 0.000000 0.000000 0.000000 0.000000 0.000000 0.000000 0.000000 0.000000 0.800000 0.000000 0.000000 0.000000 0.000000 0.000000 0.000000 0.000000 0.200000 0.000000 0.000000
0.600000 0.000000 0.000000 0.000000 0.000000 0.000000 0.000000 0.000000 0.000000 0.000000 0.000000 0.000000 0.000000 0.000000 0.000000 0.200000 0.200000 0.000000 0.000000 0.000000
0.000000 0.000000 0.000000 0.000000 0.000000 1.000000 0.000000 0.000000 0.000000 0.000000 0.000000 0.000000 0.000000 0.000000 0.000000 0.000000 0.000000 0.000000 0.000000 0.000000
0.000000 0.000000 0.000000 0.000000 0.200000 0.000000 0.000000 0.000000 0.000000 0.600000 0.000000 0.000000 0.000000 0.000000 0.000000 0.000000 0.000000 0.200000 0.000000 0.000000
0.000000 0.000000 0.400000 0.000000 0.000000 0.000000 0.000000 0.000000 0.000000 0.000000 0.000000 0.000000 0.000000 0.000000 0.000000 0.600000 0.000000 0.000000 0.000000 0.000000
0.200000 0.000000 0.000000 0.400000 0.000000 0.000000 0.000000 0.000000 0.000000 0.000000 0.000000 0.000000 0.400000 0.000000 0.000000 0.000000 0.000000 0.000000 0.000000 0.000000
0.400000 0.000000 0.000000 0.600000 0.000000 0.000000 0.000000 0.000000 0.000000 0.000000 0.000000 0.000000 0.000000 0.000000 0.000000 0.000000 0.000000 0.000000 0.000000 0.000000
0.000000 0.000000 0.200000 0.800000 0.000000 0.000000 0.000000 0.000000 0.000000 0.000000 0.000000 0.000000 0.000000 0.000000 0.000000 0.000000 0.000000 0.000000 0.000000 0.000000
0.000000 0.000000 0.000000 0.000000 0.000000 0.000000 0.000000 0.000000 0.000000 1.000000 0.000000 0.000000 0.000000 0.000000 0.000000 0.000000 0.000000 0.000000 0.000000 0.000000
0.000000 0.000000 0.000000 0.000000 0.000000 0.000000 0.000000 0.000000 0.000000 0.000000 0.000000 0.000000 0.000000 1.000000 0.000000 0.000000 0.000000 0.000000 0.000000 0.000000
0.200000 0.000000 0.000000 0.000000 0.000000 0.000000 0.000000 0.000000 0.000000 0.000000 0.000000 0.200000 0.000000 0.000000 0.200000 0.200000 0.200000 0.000000 0.000000 0.000000
0.000000 0.000000 0.000000 0.000000 0.800000 0.000000 0.000000 0.000000 0.000000 0.200000 0.000000 0.000000 0.000000 0.000000 0.000000 0.000000 0.000000 0.000000 0.000000 0.000000
0.000000 0.000000 0.000000 0.000000 0.000000 0.000000 0.000000 0.000000 0.000000 1.000000 0.000000 0.000000 0.000000 0.000000 0.000000 0.000000 0.000000 0.000000 0.000000 0.000000
0.000000 0.000000 0.000000 1.000000 0.000000 0.000000 0.000000 0.000000 0.000000 0.000000 0.000000 0.000000 0.000000 0.000000 0.000000 0.000000 0.000000 0.000000 0.000000 0.000000
0.000000 0.000000 0.000000 0.800000 0.000000 0.000000 0.000000 0.000000 0.000000 0.000000 0.000000 0.000000 0.000000 0.000000 0.000000 0.200000 0.000000 0.000000 0.000000 0.000000
0.000000 0.000000 0.000000 0.000000 0.000000 0.000000 0.000000 0.000000 1.000000 0.000000 0.000000 0.000000 0.000000 0.000000 0.000000 0.000000 0.000000 0.000000 0.000000 0.000000
0.400000 0.000000 0.000000 0.000000 0.000000 0.000000 0.000000 0.000000 0.000000 0.000000 0.000000 0.000000 0.000000 0.000000 0.000000 0.400000 0.000000 0.200000 0.000000 0.000000
0.000000 0.000000 0.000000 0.000000 0.000000 1.000000 0.000000 0.000000 0.000000 0.000000 0.000000 0.000000 0.000000 0.000000 0.000000 0.000000 0.000000 0.000000 0.000000 0.000000
0.000000 0.000000 0.000000 0.000000 0.000000 0.000000 0.000000 0.600000 0.000000 0.200000 0.000000 0.000000 0.000000 0.000000 0.000000 0.000000 0.000000 0.200000 0.000000 0.000000
0.000000 0.000000 0.000000 0.000000 0.000000 0.000000 0.000000 0.000000 0.000000 0.000000 0.000000 0.000000 0.000000 0.000000 0.000000 0.600000 0.400000 0.000000 0.000000 0.000000
0.600000 0.000000 0.000000 0.000000 0.000000 0.000000 0.000000 0.000000 0.000000 0.000000 0.000000 0.000000 0.400000 0.000000 0.000000 0.000000 0.000000 0.000000 0.000000 0.000000
0.200000 0.000000 0.600000 0.200000 0.000000 0.000000 0.000000 0.000000 0.000000 0.000000 0.000000 0.000000 0.000000 0.000000 0.000000 0.000000 0.000000 0.000000 0.000000 0.000000
0.000000 0.000000 0.000000 0.800000 0.000000 0.000000 0.000000 0.000000 0.000000 0.000000 0.000000 0.000000 0.000000 0.000000 0.000000 0.200000 0.000000 0.000000 0.000000 0.000000
0.000000 0.000000 0.200000 0.400000 0.000000 0.400000 0.000000 0.000000 0.000000 0.000000 0.000000 0.000000 0.000000 0.000000 0.000000 0.000000 0.000000 0.000000 0.000000 0.000000
0.600000 0.000000 0.000000 0.000000 0.000000 0.000000 0.000000 0.000000 0.000000 0.000000 0.000000 0.000000 0.000000 0.000000 0.000000 0.000000 0.000000 0.400000 0.000000 0.000000
0.000000 0.000000 0.000000 0.000000 0.000000 0.000000 0.000000 0.000000 0.000000 0.000000 0.000000 0.000000 0.000000 1.000000 0.000000 0.000000 0.000000 0.000000 0.000000 0.000000
0.000000 0.000000 0.000000 0.000000 0.000000 0.800000 0.000000 0.000000 0.000000 0.000000 0.000000 0.000000 0.000000 0.200000 0.000000 0.000000 0.000000 0.000000 0.000000 0.000000

log-odds matrix: alength= 20 w= 27 E= 1.6e-013
  -360     28   -515   -518    -56   -424   -118      6   -298    294     19   -251   -311   -390   -109   -370   -270     68    -45    -16
   225    194   -370   -418   -228   -127    -81   -222   -220   -288   -191   -119   -257   -365    -67     74     78   -130    -90    -76
  -286    -56   -317   -466   -369    392   -109   -402   -252   -488   -366    -88   -320   -455    -92   -259   -352   -393   -137   -139
  -344     40   -514   -518    198   -408   -101      8   -297    272     28   -239   -308   -387   -108   -355   -255     82    -19     24
  -245     10    195   -221   -299   -145     73   -347    -97   -394   -309    144   -211   -245     -7    258   -103   -337   -155    -33
   -16    -17   -131     68   -267   -228     27   -254    -58   -293   -224    -28    376   -182     32   -161   -175   -244   -138    -55
    96    -60    -69    178   -345   -234      1   -294    -57   -345   -255    -30   -199   -156      3   -188   -203   -267   -194    -93
  -483   -276   -129    260   -513   -449   -193   -460   -334   -567   -479   -220   -452   -372   -251   -459   -455   -494   -327   -287
  -398     -8   -522   -535    -73   -431   -129    -42   -314    313      2   -270   -321   -404   -121   -395   -308   -144    -58    -28
  -344    -33   -395   -255   -330   -384    183   -318   -192   -288   -159    -95   -254    340     16   -301   -299   -351    -72   -119
    -8     79   -146   -179   -169   -162    136   -173     41   -225   -122    263   -131   -126    316    154    143   -176    -23     71
  -405     47   -484   -555    502   -429   -143   -155   -363    -63   -145   -266   -325   -517   -215   -335   -384   -236     60    211
  -398     -8   -522   -535    -73   -431   -129    -42   -314    313      2   -270   -321   -404   -121   -395   -308   -144    -58    -28
  -559   -277   -259    265   -524   -491   -234   -481   -455   -612   -527   -268   -541   -449   -315   -532   -521   -540   -333   -314
  -415   -220   -192    254   -469   -388   -137   -428   -253   -514   -426   -153   -388   -327   -172   -130   -383   -445   -294   -231
  -428    -81   -503   -534   -445   -426   -135   -347    462   -466   -363   -190   -366   -439    181   -424   -369   -445   -170   -193
   194    189   -373   -413   -209   -132    -70   -180   -212   -262   -173   -117   -241   -354    -60    156   -129     81    -80    -53
  -286    -56   -317   -466   -369    392   -109   -402   -252   -488   -366    -88   -320   -455    -92   -259   -352   -393   -137   -139
  -354      8   -446   -520   -156   -409   -173    392   -283      9    -40   -204   -361   -455   -159   -344   -246    129   -108    -30
  -221    115   -342   -467   -249   -262    -67   -266   -194   -352   -230      2   -230   -369    -38    302    198   -298   -105    -53
   169    109   -355   -405   -278   -178    -77   -277   -214   -332   -264   -127    375   -348    -71   -127   -175   -229   -150   -113
  -142    -95    326    -59   -336   -299    -13   -336   -179   -403   -320     64   -300   -283    -85   -270   -299   -342   -161    -93
  -415   -220   -192    254   -469   -388   -137   -428   -253   -514   -426   -153   -388   -327   -172   -130   -383   -445   -294   -231
  -245   -112    110    117   -345    228     47   -327    -54   -367   -276     78   -198   -160      7   -166   -198   -306   -186    -67
   209    176   -410   -447   -192   -164   -101    -54   -251   -214   -151   -160   -275   -396    -91   -108   -163    193    -91    -60
  -344    -33   -395   -255   -330   -384    183   -318   -192   -288   -159    -95   -254    340     16   -301   -299   -351    -72   -119
  -265    -39   -286   -423   -352    382    -80   -380   -211   -465   -342    -55   -302    -86    -61   -234   -323   -371   -125   -118