MEME version 4.11.1

ALPHABET= ACDEFGHIKLMNPQRSTVWY

Background letter frequencies (from unknown source):
A 0.062 C 0.076 D 0.102 E 0.071 F 0.009 G 0.067 H 0.013 I 0.062 K 0.013
L 0.089 M 0.044 N 0.013 P 0.018 Q 0.013 R 0.027 S 0.107 T 0.133 V 0.053
W 0.009 Y 0.018

MOTIF 1

log-odds matrix: alength= 20 w= 50 E= 8.1e-014
  -155   -506   -336   -330   -195    373   -210   -432    -82   -452   -439    -30   -217   -173   -194   -283   -443   -339   -283   -282
   -75   -348   -439   -335    -12   -348   -194     31   -104   -145   -223   -152   -172   -157   -197   -344   -267    380   -278   -237
  -233   -560    290     60   -177   -313   -134   -388    -47   -392   -419    109   -226    -41   -215   -321   -421   -314   -318   -253
  -155   -506   -336   -330   -195    373   -210   -432    -82   -452   -439    -30   -217   -173   -194   -283   -443   -339   -283   -282
  -249   -445   -525   -383    112   -412   -216    -60   -123    317    -66   -194   -207   -111   -207   -401   -385    -76   -189   -153
  -134   -375   -373   -318    -78   -290   -169   -215    -27   -291   -263     30   -160    -62   -153    -54    250   -142   -251   -223
  -155   -506   -336   -330   -195    373   -210   -432    -82   -452   -439    -30   -217   -173   -194   -283   -443   -339   -283   -282
  -249   -445   -525   -383    112   -412   -216    -60   -123    317    -66   -194   -207   -111   -207   -401   -385    -76   -189   -153
  -279   -552    307   -101   -176   -337   -152   -402   -134   -414   -447    109   -278   -144   -259   -354   -465   -338   -314   -260
  -112   -362   -463   -363      5   -380   -226    221   -121    -86   -176   -160   -204   -173   -228   -365   -284    332   -275   -217
  -279   -552    307   -101   -176   -337   -152   -402   -134   -414   -447    109   -278   -144   -259   -354   -465   -338   -314   -260
   171   -312   -332   -237    -40   -174   -127   -192     18   -240   -238     36    -84    -16   -115    -30    192    -94   -225   -180
  -232   -424   -529   -390    434   -411   -181    -39   -133    279    -53   -184   -208   -113   -216   -388   -370    -61   -122    -29
  -432   -744   -291    375   -363   -495   -345   -527   -271   -585   -609   -219   -435   -174   -415   -559   -618   -497   -492   -467
  -232   -450   -479   -397     12   -408   -282    348   -125    -29   -133   -162   -265   -186   -269   -383   -352    127   -261   -179
    -6   -334   -261   -231    -87    182   -113   -318     13   -316   -324     84    -90    -34   -124    218   -112   -206   -256   -190
  -279   -552    307   -101   -176   -337   -152   -402   -134   -414   -447    109   -278   -144   -259   -354   -465   -338   -314   -260
  -218   -425   -408   -327    314   -327     55   -247    -71   -203   -273    -76   -180    -98   -169   -308   -394   -204     31    538
  -303   -483   -578   -471     43   -460   -289   -114   -198     80    404   -249   -288   -206   -319   -455   -438   -136   -203   -180
  -279   -552    307   -101   -176   -337   -152   -402   -134   -414   -447    109   -278   -144   -259   -354   -465   -338   -314   -260
  -432   -744   -291    375   -363   -495   -345   -527   -271   -585   -609   -219   -435   -174   -415   -559   -618   -497   -492   -467
  -134   -375   -373   -318    -78   -290   -169   -215    -27   -291   -263     30   -160    -62   -153    -54    250   -142   -251   -223
  -183   -391   -506   -365    122   -382   -201     38   -107    275    -63   -162   -195   -105   -202   -360   -324    169   -176   -134
  -249   -445   -525   -383    112   -412   -216    -60   -123    317    -66   -194   -207   -111   -207   -401   -385    -76   -189   -153
  -279   -552    307   -101   -176   -337   -152   -402   -134   -414   -447    109   -278   -144   -259   -354   -465   -338   -314   -260
   -84   -428   -296   -269   -139    346   -159   -349    -26   -368   -370     19   -156    -95   -153   -200    -52   -249   -264   -236
    43   -571   -158    340   -193   -293   -147   -364     42   -361   -380    -27   -157     51   -150   -286   -362   -273   -357   -266
  -279   -552    307   -101   -176   -337   -152   -402   -134   -414   -447    109   -278   -144   -259   -354   -465   -338   -314   -260
  -249   -445   -525   -383    112   -412   -216    -60   -123    317    -66   -194   -207   -111   -207   -401   -385    -76   -189   -153
  -107   -353   -352   -303    -74   -273   -152   -234     -9   -299   -260     57   -136    -48   -135    147    196   -159   -245   -213
   -52   -352   -254     59      5   -278   -108     14     44   -145   -206    -34   -108     10   -101   -260   -239    343   -230   -167
  -134   -375   -373   -318    -78   -290   -169   -215    -27   -291   -263     30   -160    -62   -153    -54    250   -142   -251   -223
  -390   -543   -600   -527   -133   -495   -357   -249   -248   -187    437   -292   -340   -292   -401   -504   -525   -264   -248   -229
  -104   -348   -436   -328     48   -334   -180    242    -72    -57   -137   -101   -177   -114   -189   -281    -25    271   -209   -143
   198   -298   -337   -257    -67   -146   -147   -284     -8   -286   -295     27    -83    -50   -134    225    -89   -158   -246   -191
   -86   -356   -350   -314    -89   -234   -172   -333    -34   -334   -341     38   -130    -98   -154    280    -48   -267   -264   -199
   335   -259   -371   -266    -49   -118   -170   -251    -36   -250   -264    -49   -132    -73   -157     51   -230    -77   -229   -206
   -86   -356   -350   -314    -89   -234   -172   -333    -34   -334   -341     38   -130    -98   -154    280    -48   -267   -264   -199
  -341    367   -613   -506   -246   -521   -373   -423   -314   -466   -471   -304   -382   -334   -376   -510   -504   -425   -471   -432
  -134   -375   -373   -318    -78   -290   -169   -215    -27   -291   -263     30   -160    -62   -153    -54    250   -142   -251   -223
  -134   -375   -373   -318    -78   -290   -169   -215    -27   -291   -263     30   -160    -62   -153    -54    250   -142   -251   -223
  -341    367   -613   -506   -246   -521   -373   -423   -314   -466   -471   -304   -382   -334   -376   -510   -504   -425   -471   -432
  -232   -450   -479   -397     12   -408   -282    348   -125    -29   -133   -162   -265   -186   -269   -383   -352    127   -261   -179
  -341    367   -613   -506   -246   -521   -373   -423   -314   -466   -471   -304   -382   -334   -376   -510   -504   -425   -471   -432
  -134   -375   -373   -318    -78   -290   -169   -215    -27   -291   -263     30   -160    -62   -153    -54    250   -142   -251   -223
  -341    367   -613   -506   -246   -521   -373   -423   -314   -466   -471   -304   -382   -334   -376   -510   -504   -425   -471   -432
   -86   -356   -350   -314    -89   -234   -172   -333    -34   -334   -341     38   -130    -98   -154    280    -48   -267   -264   -199
  -341    367   -613   -506   -246   -521   -373   -423   -314   -466   -471   -304   -382   -334   -376   -510   -504   -425   -471   -432
   -86   -356   -350   -314    -89   -234   -172   -333    -34   -334   -341     38   -130    -98   -154    280    -48   -267   -264   -199
   -86   -356   -350   -314    -89   -234   -172   -333    -34   -334   -341     38   -130    -98   -154    280    -48   -267   -264   -199


letter-probability matrix: alength= 20 w= 50 nsites= 3 E= 8.1e-014
0.000000 0.000000 0.000000 0.000000 0.000000 1.000000 0.000000 0.000000 0.000000 0.000000 0.000000 0.000000 0.000000 0.000000 0.000000 0.000000 0.000000 0.000000 0.000000 0.000000
0.000000 0.000000 0.000000 0.000000 0.000000 0.000000 0.000000 0.000000 0.000000 0.000000 0.000000 0.000000 0.000000 0.000000 0.000000 0.000000 0.000000 1.000000 0.000000 0.000000
0.000000 0.000000 0.666667 0.333333 0.000000 0.000000 0.000000 0.000000 0.000000 0.000000 0.000000 0.000000 0.000000 0.000000 0.000000 0.000000 0.000000 0.000000 0.000000 0.000000
0.000000 0.000000 0.000000 0.000000 0.000000 1.000000 0.000000 0.000000 0.000000 0.000000 0.000000 0.000000 0.000000 0.000000 0.000000 0.000000 0.000000 0.000000 0.000000 0.000000
0.000000 0.000000 0.000000 0.000000 0.000000 0.000000 0.000000 0.000000 0.000000 1.000000 0.000000 0.000000 0.000000 0.000000 0.000000 0.000000 0.000000 0.000000 0.000000 0.000000
0.000000 0.000000 0.000000 0.000000 0.000000 0.000000 0.000000 0.000000 0.000000 0.000000 0.000000 0.000000 0.000000 0.000000 0.000000 0.000000 1.000000 0.000000 0.000000 0.000000
0.000000 0.000000 0.000000 0.000000 0.000000 1.000000 0.000000 0.000000 0.000000 0.000000 0.000000 0.000000 0.000000 0.000000 0.000000 0.000000 0.000000 0.000000 0.000000 0.000000
0.000000 0.000000 0.000000 0.000000 0.000000 0.000000 0.000000 0.000000 0.000000 1.000000 0.000000 0.000000 0.000000 0.000000 0.000000 0.000000 0.000000 0.000000 0.000000 0.000000
0.000000 0.000000 1.000000 0.000000 0.000000 0.000000 0.000000 0.000000 0.000000 0.000000 0.000000 0.000000 0.000000 0.000000 0.000000 0.000000 0.000000 0.000000 0.000000 0.000000
0.000000 0.000000 0.000000 0.000000 0.000000 0.000000 0.000000 0.333333 0.000000 0.000000 0.000000 0.000000 0.000000 0.000000 0.000000 0.000000 0.000000 0.666667 0.000000 0.000000
0.000000 0.000000 1.000000 0.000000 0.000000 0.000000 0.000000 0.000000 0.000000 0.000000 0.000000 0.000000 0.000000 0.000000 0.000000 0.000000 0.000000 0.000000 0.000000 0.000000
0.333333 0.000000 0.000000 0.000000 0.000000 0.000000 0.000000 0.000000 0.000000 0.000000 0.000000 0.000000 0.000000 0.000000 0.000000 0.000000 0.666667 0.000000 0.000000 0.000000
0.000000 0.000000 0.000000 0.000000 0.333333 0.000000 0.000000 0.000000 0.000000 0.666667 0.000000 0.000000 0.000000 0.000000 0.000000 0.000000 0.000000 0.000000 0.000000 0.000000
0.000000 0.000000 0.000000 1.000000 0.000000 0.000000 0.000000 0.000000 0.000000 0.000000 0.000000 0.000000 0.000000 0.000000 0.000000 0.000000 0.000000 0.000000 0.000000 0.000000
0.000000 0.000000 0.000000 0.000000 0.000000 0.000000 0.000000 1.000000 0.000000 0.000000 0.000000 0.000000 0.000000 0.000000 0.000000 0.000000 0.000000 0.000000 0.000000 0.000000
0.000000 0.000000 0.000000 0.000000 0.000000 0.333333 0.000000 0.000000 0.000000 0.000000 0.000000 0.000000 0.000000 0.000000 0.000000 0.666667 0.000000 0.000000 0.000000 0.000000
0.000000 0.000000 1.000000 0.000000 0.000000 0.000000 0.000000 0.000000 0.000000 0.000000 0.000000 0.000000 0.000000 0.000000 0.000000 0.000000 0.000000 0.000000 0.000000 0.000000
0.000000 0.000000 0.000000 0.000000 0.000000 0.000000 0.000000 0.000000 0.000000 0.000000 0.000000 0.000000 0.000000 0.000000 0.000000 0.000000 0.000000 0.000000 0.000000 1.000000
0.000000 0.000000 0.000000 0.000000 0.000000 0.000000 0.000000 0.000000 0.000000 0.333333 0.666667 0.000000 0.000000 0.000000 0.000000 0.000000 0.000000 0.000000 0.000000 0.000000
0.000000 0.000000 1.000000 0.000000 0.000000 0.000000 0.000000 0.000000 0.000000 0.000000 0.000000 0.000000 0.000000 0.000000 0.000000 0.000000 0.000000 0.000000 0.000000 0.000000
0.000000 0.000000 0.000000 1.000000 0.000000 0.000000 0.000000 0.000000 0.000000 0.000000 0.000000 0.000000 0.000000 0.000000 0.000000 0.000000 0.000000 0.000000 0.000000 0.000000
0.000000 0.000000 0.000000 0.000000 0.000000 0.000000 0.000000 0.000000 0.000000 0.000000 0.000000 0.000000 0.000000 0.000000 0.000000 0.000000 1.000000 0.000000 0.000000 0.000000
0.000000 0.000000 0.000000 0.000000 0.000000 0.000000 0.000000 0.000000 0.000000 0.666667 0.000000 0.000000 0.000000 0.000000 0.000000 0.000000 0.000000 0.333333 0.000000 0.000000
0.000000 0.000000 0.000000 0.000000 0.000000 0.000000 0.000000 0.000000 0.000000 1.000000 0.000000 0.000000 0.000000 0.000000 0.000000 0.000000 0.000000 0.000000 0.000000 0.000000
0.000000 0.000000 1.000000 0.000000 0.000000 0.000000 0.000000 0.000000 0.000000 0.000000 0.000000 0.000000 0.000000 0.000000 0.000000 0.000000 0.000000 0.000000 0.000000 0.000000
0.000000 0.000000 0.000000 0.000000 0.000000 0.666667 0.000000 0.000000 0.000000 0.000000 0.000000 0.000000 0.000000 0.000000 0.000000 0.000000 0.333333 0.000000 0.000000 0.000000
0.333333 0.000000 0.000000 0.666667 0.000000 0.000000 0.000000 0.000000 0.000000 0.000000 0.000000 0.000000 0.000000 0.000000 0.000000 0.000000 0.000000 0.000000 0.000000 0.000000
0.000000 0.000000 1.000000 0.000000 0.000000 0.000000 0.000000 0.000000 0.000000 0.000000 0.000000 0.000000 0.000000 0.000000 0.000000 0.000000 0.000000 0.000000 0.000000 0.000000
0.000000 0.000000 0.000000 0.000000 0.000000 0.000000 0.000000 0.000000 0.000000 1.000000 0.000000 0.000000 0.000000 0.000000 0.000000 0.000000 0.000000 0.000000 0.000000 0.000000
0.000000 0.000000 0.000000 0.000000 0.000000 0.000000 0.000000 0.000000 0.000000 0.000000 0.000000 0.000000 0.000000 0.000000 0.000000 0.333333 0.666667 0.000000 0.000000 0.000000
0.000000 0.000000 0.000000 0.333333 0.000000 0.000000 0.000000 0.000000 0.000000 0.000000 0.000000 0.000000 0.000000 0.000000 0.000000 0.000000 0.000000 0.666667 0.000000 0.000000
0.000000 0.000000 0.000000 0.000000 0.000000 0.000000 0.000000 0.000000 0.000000 0.000000 0.000000 0.000000 0.000000 0.000000 0.000000 0.000000 1.000000 0.000000 0.000000 0.000000
0.000000 0.000000 0.000000 0.000000 0.000000 0.000000 0.000000 0.000000 0.000000 0.000000 1.000000 0.000000 0.000000 0.000000 0.000000 0.000000 0.000000 0.000000 0.000000 0.000000
0.000000 0.000000 0.000000 0.000000 0.000000 0.000000 0.000000 0.333333 0.000000 0.000000 0.000000 0.000000 0.000000 0.000000 0.000000 0.000000 0.333333 0.333333 0.000000 0.000000
0.333333 0.000000 0.000000 0.000000 0.000000 0.000000 0.000000 0.000000 0.000000 0.000000 0.000000 0.000000 0.000000 0.000000 0.000000 0.666667 0.000000 0.000000 0.000000 0.000000
0.000000 0.000000 0.000000 0.000000 0.000000 0.000000 0.000000 0.000000 0.000000 0.000000 0.000000 0.000000 0.000000 0.000000 0.000000 1.000000 0.000000 0.000000 0.000000 0.000000
0.666667 0.000000 0.000000 0.000000 0.000000 0.000000 0.000000 0.000000 0.000000 0.000000 0.000000 0.000000 0.000000 0.000000 0.000000 0.333333 0.000000 0.000000 0.000000 0.000000
0.000000 0.000000 0.000000 0.000000 0.000000 0.000000 0.000000 0.000000 0.000000 0.000000 0.000000 0.000000 0.000000 0.000000 0.000000 1.000000 0.000000 0.000000 0.000000 0.000000
0.000000 1.000000 0.000000 0.000000 0.000000 0.000000 0.000000 0.000000 0.000000 0.000000 0.000000 0.000000 0.000000 0.000000 0.000000 0.000000 0.000000 0.000000 0.000000 0.000000
0.000000 0.000000 0.000000 0.000000 0.000000 0.000000 0.000000 0.000000 0.000000 0.000000 0.000000 0.000000 0.000000 0.000000 0.000000 0.000000 1.000000 0.000000 0.000000 0.000000
0.000000 0.000000 0.000000 0.000000 0.000000 0.000000 0.000000 0.000000 0.000000 0.000000 0.000000 0.000000 0.000000 0.000000 0.000000 0.000000 1.000000 0.000000 0.000000 0.000000
0.000000 1.000000 0.000000 0.000000 0.000000 0.000000 0.000000 0.000000 0.000000 0.000000 0.000000 0.000000 0.000000 0.000000 0.000000 0.000000 0.000000 0.000000 0.000000 0.000000
0.000000 0.000000 0.000000 0.000000 0.000000 0.000000 0.000000 1.000000 0.000000 0.000000 0.000000 0.000000 0.000000 0.000000 0.000000 0.000000 0.000000 0.000000 0.000000 0.000000
0.000000 1.000000 0.000000 0.000000 0.000000 0.000000 0.000000 0.000000 0.000000 0.000000 0.000000 0.000000 0.000000 0.000000 0.000000 0.000000 0.000000 0.000000 0.000000 0.000000
0.000000 0.000000 0.000000 0.000000 0.000000 0.000000 0.000000 0.000000 0.000000 0.000000 0.000000 0.000000 0.000000 0.000000 0.000000 0.000000 1.000000 0.000000 0.000000 0.000000
0.000000 1.000000 0.000000 0.000000 0.000000 0.000000 0.000000 0.000000 0.000000 0.000000 0.000000 0.000000 0.000000 0.000000 0.000000 0.000000 0.000000 0.000000 0.000000 0.000000
0.000000 0.000000 0.000000 0.000000 0.000000 0.000000 0.000000 0.000000 0.000000 0.000000 0.000000 0.000000 0.000000 0.000000 0.000000 1.000000 0.000000 0.000000 0.000000 0.000000
0.000000 1.000000 0.000000 0.000000 0.000000 0.000000 0.000000 0.000000 0.000000 0.000000 0.000000 0.000000 0.000000 0.000000 0.000000 0.000000 0.000000 0.000000 0.000000 0.000000
0.000000 0.000000 0.000000 0.000000 0.000000 0.000000 0.000000 0.000000 0.000000 0.000000 0.000000 0.000000 0.000000 0.000000 0.000000 1.000000 0.000000 0.000000 0.000000 0.000000
0.000000 0.000000 0.000000 0.000000 0.000000 0.000000 0.000000 0.000000 0.000000 0.000000 0.000000 0.000000 0.000000 0.000000 0.000000 1.000000 0.000000 0.000000 0.000000 0.000000