MEME version 4.11.1

ALPHABET= ACDEFGHIKLMNPQRSTVWY

Background letter frequencies (from unknown source):
A 0.076 C 0.101 D 0.071 E 0.084 F 0.042 G 0.084 H 0.021 I 0.021 K 0.008
L 0.067 M 0.071 N 0.050 P 0.038 Q 0.008 R 0.004 S 0.118 T 0.034 V 0.080
W 0.004 Y 0.017

MOTIF 1

log-odds matrix: alength= 20 w= 41 E= 1.9e-036
  -315   -599    360   -133   -406   -380   -225   -252    -81   -381   -522    -88   -397    -90     -1   -378   -276   -404   -211   -258
  -300   -506   -495   -430   -129   -465   -302     77    -81    362   -149   -408   -334    -63     40   -438   -207   -155    -99   -167
  -111   -497   -291   -276   -324   -293   -211   -156     64   -239   -420   -262    428     30    125    -40   -109   -282   -201   -252
  -364   -545   -547   -535   -264   -516   -399    146   -169    -77    355   -468   -433   -197   -107   -497   -271   -204   -127   -205
  -315   -599    360   -133   -406   -380   -225   -252    -81   -381   -522    -88   -397    -90     -1   -378   -276   -404   -211   -258
  -116   -402   -402   -377   -255   -398   -276    169    -57   -124   -311   -362   -296   -110     53   -376    -83    328   -190   -252
  -329   -472   -469   -469    435   -469   -315    -79   -148   -106   -340   -417   -352   -194    -69   -396   -307   -283      7     62
  -367   -781    -75    343   -570   -470   -353   -342    -71   -486   -615   -343   -439    -12    -70   -481   -336   -496   -372   -420
  -221   -438   -486   -429   -109   -421   -284    153    -75    185    258   -370   -338    -75     22   -383   -133    102    -61   -124
   318   -306   -368   -327   -259   -178   -268    -19     -6   -177   -314   -297   -310    -49     80   -129    -74     34   -120   -205
  -289   -601    352    -29   -405   -368   -214   -242    -32   -368   -506    -83   -370    -29     21   -359   -252   -389   -211   -253
  -103   -484    118    -31   -282   -181    -46   -126    237   -215   -337     -6   -162    409    263    143     29   -257   -119   -106
  -196   -560   -297   -368   -431    341   -287   -289    -28   -425   -520   -234   -337   -120     61   -310   -258   -411   -185   -285
   -96   -368   -344   -288   -133     41   -179    137     64    -17    254   -241   -241     28    137   -241    -39     98    -27    -65
   207   -492    -55    226   -346   -239   -147   -138    187   -242   -369   -150   -193    185    192   -200    -77   -240   -186   -193
  -116   -402   -402   -377   -255   -398   -276    169    -57   -124   -311   -362   -296   -110     53   -376    -83    328   -190   -252
  -291   -701   -158    334   -492   -406   -282   -276     25   -403   -532   -277   -364     42     36   -386     30   -418   -312   -337
   111   -364   -325   -341   -325   -215   -252   -174     14   -291   -403   -181   -226    -29     98    241    118   -274   -168   -218
  -300   -506   -495   -430   -129   -465   -302     77    -81    362   -149   -408   -334    -63     40   -438   -207   -155    -99   -167
  -192   -442   -356   -387   -333   -352   -266    -91      2   -287   -360   -190   -300    -29     80    -99    458   -231   -168   -248
   339   -326   -378   -347   -301   -186   -289   -116    -31   -235   -363   -308   -309    -70     59   -142    -92   -157   -147   -236
  -185   -555    -40   -312   -420    330   -251   -276      4   -413   -506   -181   -321    -78     81   -284   -230   -400   -178   -267
  -336   -526   -298   -348   -223   -378    528   -251    -50   -275   -409   -117   -307    159    182   -325   -199   -382    -62     34
  -196   -560   -297   -368   -431    341   -287   -289    -28   -425   -520   -234   -337   -120     61   -310   -258   -411   -185   -285
  -431   -591   -556   -565   -371   -537   -432   -102   -194   -155    369   -493   -457   -237   -149   -527   -338   -335   -144   -228
  -114   -500   -293   -275   -321   -298   -211   -148     66   -235   -415   -266    428     31    126   -231    128   -278   -199   -249
  -473   -790   -245    351   -593   -536   -419   -376   -228   -555   -687   -420   -560   -119   -163   -586   -432   -564   -388   -467
  -116   -402   -402   -377   -255   -398   -276    169    -57   -124   -311   -362   -296   -110     53   -376    -83    328   -190   -252
  -196   -560   -297   -368   -431    341   -287   -289    -28   -425   -520   -234   -337   -120     61   -310   -258   -411   -185   -285
   339   -326   -378   -347   -301   -186   -289   -116    -31   -235   -363   -308   -309    -70     59   -142    -92   -157   -147   -236
  -138   -417   -332   -381   -339   -291   -268   -208     -3   -323   -438   -181   -266    -66     83    273    129   -355   -178   -218
  -327    322   -548   -520   -456   -508   -427   -246   -228   -407   -525   -474   -469   -248    -97   -471   -112   -444   -349   -407
  -343   -549   -232   -405   -360   -350    -66   -172     -8   -356   -477    410   -327    -19     43   -241   -162   -387   -145   -228
  -373    325   -563   -532   -473   -558   -441   -269   -250   -429   -542   -499   -494   -270   -111   -528   -308   -488   -366   -427
  -192   -414   -450   -410    326   -397   -221    151    -64    -11   -209   -344   -322    -83     29   -354   -120    209     -4     49
  -373    325   -563   -532   -473   -558   -441   -269   -250   -429   -542   -499   -494   -270   -111   -528   -308   -488   -366   -427
  -192   -495   -280   -323    -52    253   -116   -152     22   -248   -406   -200   -298    -31     96   -282   -177   -302     25    428
  -239   -442   -480   -443    329   -434   -246    398    -94     27   -181   -372   -349   -101      1   -391   -155    -46     -7     35
  -373    325   -563   -532   -473   -558   -441   -269   -250   -429   -542   -499   -494   -270   -111   -528   -308   -488   -366   -427
  -373    325   -563   -532   -473   -558   -441   -269   -250   -429   -542   -499   -494   -270   -111   -528   -308   -488   -366   -427
  -138   -417   -332   -381   -339   -291   -268   -208     -3   -323   -438   -181   -266    -66     83    273    129   -355   -178   -218


letter-probability matrix: alength= 20 w= 41 nsites= 4 E= 1.9e-036
0.000000 0.000000 1.000000 0.000000 0.000000 0.000000 0.000000 0.000000 0.000000 0.000000 0.000000 0.000000 0.000000 0.000000 0.000000 0.000000 0.000000 0.000000 0.000000 0.000000
0.000000 0.000000 0.000000 0.000000 0.000000 0.000000 0.000000 0.000000 0.000000 1.000000 0.000000 0.000000 0.000000 0.000000 0.000000 0.000000 0.000000 0.000000 0.000000 0.000000
0.000000 0.000000 0.000000 0.000000 0.000000 0.000000 0.000000 0.000000 0.000000 0.000000 0.000000 0.000000 0.750000 0.000000 0.000000 0.250000 0.000000 0.000000 0.000000 0.000000
0.000000 0.000000 0.000000 0.000000 0.000000 0.000000 0.000000 0.250000 0.000000 0.000000 0.750000 0.000000 0.000000 0.000000 0.000000 0.000000 0.000000 0.000000 0.000000 0.000000
0.000000 0.000000 1.000000 0.000000 0.000000 0.000000 0.000000 0.000000 0.000000 0.000000 0.000000 0.000000 0.000000 0.000000 0.000000 0.000000 0.000000 0.000000 0.000000 0.000000
0.000000 0.000000 0.000000 0.000000 0.000000 0.000000 0.000000 0.000000 0.000000 0.000000 0.000000 0.000000 0.000000 0.000000 0.000000 0.000000 0.000000 1.000000 0.000000 0.000000
0.000000 0.000000 0.000000 0.000000 1.000000 0.000000 0.000000 0.000000 0.000000 0.000000 0.000000 0.000000 0.000000 0.000000 0.000000 0.000000 0.000000 0.000000 0.000000 0.000000
0.000000 0.000000 0.250000 0.750000 0.000000 0.000000 0.000000 0.000000 0.000000 0.000000 0.000000 0.000000 0.000000 0.000000 0.000000 0.000000 0.000000 0.000000 0.000000 0.000000
0.000000 0.000000 0.000000 0.000000 0.000000 0.000000 0.000000 0.000000 0.000000 0.250000 0.500000 0.000000 0.000000 0.000000 0.000000 0.000000 0.000000 0.250000 0.000000 0.000000
0.750000 0.000000 0.000000 0.000000 0.000000 0.000000 0.000000 0.000000 0.000000 0.000000 0.000000 0.000000 0.000000 0.000000 0.000000 0.000000 0.000000 0.250000 0.000000 0.000000
0.000000 0.000000 0.750000 0.250000 0.000000 0.000000 0.000000 0.000000 0.000000 0.000000 0.000000 0.000000 0.000000 0.000000 0.000000 0.000000 0.000000 0.000000 0.000000 0.000000
0.000000 0.000000 0.250000 0.000000 0.000000 0.000000 0.000000 0.000000 0.000000 0.000000 0.000000 0.000000 0.000000 0.250000 0.000000 0.500000 0.000000 0.000000 0.000000 0.000000
0.000000 0.000000 0.000000 0.000000 0.000000 1.000000 0.000000 0.000000 0.000000 0.000000 0.000000 0.000000 0.000000 0.000000 0.000000 0.000000 0.000000 0.000000 0.000000 0.000000
0.000000 0.000000 0.000000 0.000000 0.000000 0.250000 0.000000 0.000000 0.000000 0.000000 0.500000 0.000000 0.000000 0.000000 0.000000 0.000000 0.000000 0.250000 0.000000 0.000000
0.500000 0.000000 0.000000 0.500000 0.000000 0.000000 0.000000 0.000000 0.000000 0.000000 0.000000 0.000000 0.000000 0.000000 0.000000 0.000000 0.000000 0.000000 0.000000 0.000000
0.000000 0.000000 0.000000 0.000000 0.000000 0.000000 0.000000 0.000000 0.000000 0.000000 0.000000 0.000000 0.000000 0.000000 0.000000 0.000000 0.000000 1.000000 0.000000 0.000000
0.000000 0.000000 0.000000 0.750000 0.000000 0.000000 0.000000 0.000000 0.000000 0.000000 0.000000 0.000000 0.000000 0.000000 0.000000 0.000000 0.250000 0.000000 0.000000 0.000000
0.250000 0.000000 0.000000 0.000000 0.000000 0.000000 0.000000 0.000000 0.000000 0.000000 0.000000 0.000000 0.000000 0.000000 0.000000 0.750000 0.000000 0.000000 0.000000 0.000000
0.000000 0.000000 0.000000 0.000000 0.000000 0.000000 0.000000 0.000000 0.000000 1.000000 0.000000 0.000000 0.000000 0.000000 0.000000 0.000000 0.000000 0.000000 0.000000 0.000000
0.000000 0.000000 0.000000 0.000000 0.000000 0.000000 0.000000 0.000000 0.000000 0.000000 0.000000 0.000000 0.000000 0.000000 0.000000 0.000000 1.000000 0.000000 0.000000 0.000000
1.000000 0.000000 0.000000 0.000000 0.000000 0.000000 0.000000 0.000000 0.000000 0.000000 0.000000 0.000000 0.000000 0.000000 0.000000 0.000000 0.000000 0.000000 0.000000 0.000000
0.000000 0.000000 0.250000 0.000000 0.000000 0.750000 0.000000 0.000000 0.000000 0.000000 0.000000 0.000000 0.000000 0.000000 0.000000 0.000000 0.000000 0.000000 0.000000 0.000000
0.000000 0.000000 0.000000 0.000000 0.000000 0.000000 1.000000 0.000000 0.000000 0.000000 0.000000 0.000000 0.000000 0.000000 0.000000 0.000000 0.000000 0.000000 0.000000 0.000000
0.000000 0.000000 0.000000 0.000000 0.000000 1.000000 0.000000 0.000000 0.000000 0.000000 0.000000 0.000000 0.000000 0.000000 0.000000 0.000000 0.000000 0.000000 0.000000 0.000000
0.000000 0.000000 0.000000 0.000000 0.000000 0.000000 0.000000 0.000000 0.000000 0.000000 1.000000 0.000000 0.000000 0.000000 0.000000 0.000000 0.000000 0.000000 0.000000 0.000000
0.000000 0.000000 0.000000 0.000000 0.000000 0.000000 0.000000 0.000000 0.000000 0.000000 0.000000 0.000000 0.750000 0.000000 0.000000 0.000000 0.250000 0.000000 0.000000 0.000000
0.000000 0.000000 0.000000 1.000000 0.000000 0.000000 0.000000 0.000000 0.000000 0.000000 0.000000 0.000000 0.000000 0.000000 0.000000 0.000000 0.000000 0.000000 0.000000 0.000000
0.000000 0.000000 0.000000 0.000000 0.000000 0.000000 0.000000 0.000000 0.000000 0.000000 0.000000 0.000000 0.000000 0.000000 0.000000 0.000000 0.000000 1.000000 0.000000 0.000000
0.000000 0.000000 0.000000 0.000000 0.000000 1.000000 0.000000 0.000000 0.000000 0.000000 0.000000 0.000000 0.000000 0.000000 0.000000 0.000000 0.000000 0.000000 0.000000 0.000000
1.000000 0.000000 0.000000 0.000000 0.000000 0.000000 0.000000 0.000000 0.000000 0.000000 0.000000 0.000000 0.000000 0.000000 0.000000 0.000000 0.000000 0.000000 0.000000 0.000000
0.000000 0.000000 0.000000 0.000000 0.000000 0.000000 0.000000 0.000000 0.000000 0.000000 0.000000 0.000000 0.000000 0.000000 0.000000 1.000000 0.000000 0.000000 0.000000 0.000000
0.000000 0.750000 0.000000 0.000000 0.000000 0.000000 0.000000 0.000000 0.000000 0.000000 0.000000 0.000000 0.000000 0.000000 0.000000 0.000000 0.250000 0.000000 0.000000 0.000000
0.000000 0.000000 0.000000 0.000000 0.000000 0.000000 0.000000 0.000000 0.000000 0.000000 0.000000 1.000000 0.000000 0.000000 0.000000 0.000000 0.000000 0.000000 0.000000 0.000000
0.000000 1.000000 0.000000 0.000000 0.000000 0.000000 0.000000 0.000000 0.000000 0.000000 0.000000 0.000000 0.000000 0.000000 0.000000 0.000000 0.000000 0.000000 0.000000 0.000000
0.000000 0.000000 0.000000 0.000000 0.500000 0.000000 0.000000 0.000000 0.000000 0.000000 0.000000 0.000000 0.000000 0.000000 0.000000 0.000000 0.000000 0.500000 0.000000 0.000000
0.000000 1.000000 0.000000 0.000000 0.000000 0.000000 0.000000 0.000000 0.000000 0.000000 0.000000 0.000000 0.000000 0.000000 0.000000 0.000000 0.000000 0.000000 0.000000 0.000000
0.000000 0.000000 0.000000 0.000000 0.000000 0.500000 0.000000 0.000000 0.000000 0.000000 0.000000 0.000000 0.000000 0.000000 0.000000 0.000000 0.000000 0.000000 0.000000 0.500000
0.000000 0.000000 0.000000 0.000000 0.500000 0.000000 0.000000 0.500000 0.000000 0.000000 0.000000 0.000000 0.000000 0.000000 0.000000 0.000000 0.000000 0.000000 0.000000 0.000000
0.000000 1.000000 0.000000 0.000000 0.000000 0.000000 0.000000 0.000000 0.000000 0.000000 0.000000 0.000000 0.000000 0.000000 0.000000 0.000000 0.000000 0.000000 0.000000 0.000000
0.000000 1.000000 0.000000 0.000000 0.000000 0.000000 0.000000 0.000000 0.000000 0.000000 0.000000 0.000000 0.000000 0.000000 0.000000 0.000000 0.000000 0.000000 0.000000 0.000000
0.000000 0.000000 0.000000 0.000000 0.000000 0.000000 0.000000 0.000000 0.000000 0.000000 0.000000 0.000000 0.000000 0.000000 0.000000 1.000000 0.000000 0.000000 0.000000 0.000000