MEME version 4.10.2

ALPHABET= ACDEFGHIKLMNPQRSTVWY

Background letter frequencies (from unknown source):
A 0.079 C 0.079 D 0.040 E 0.020 F 0.010 G 0.178 H 0.010 I 0.119 K 0.040
L 0.040 M 0.030 N 0.030 P 0.050 Q 0.079 R 0.069 S 0.020 T 0.020 V 0.069
W 0.010 Y 0.010

MOTIF 1

letter-probability matrix: alength= 20 w= 6 nsites= 6 E= 7.5e-005
0.333333 0.000000 0.000000 0.000000 0.000000 0.000000 0.000000 0.000000 0.000000 0.000000 0.000000 0.333333 0.000000 0.000000 0.000000 0.166667 0.000000 0.166667 0.000000 0.000000
0.000000 0.000000 0.000000 0.000000 0.000000 0.000000 0.000000 0.000000 0.000000 0.000000 0.166667 0.000000 0.000000 0.000000 0.833333 0.000000 0.000000 0.000000 0.000000 0.000000
0.000000 0.000000 0.000000 0.166667 0.000000 0.000000 0.000000 0.000000 0.000000 0.000000 0.000000 0.000000 0.000000 0.833333 0.000000 0.000000 0.000000 0.000000 0.000000 0.000000
0.000000 0.000000 0.000000 0.000000 0.000000 0.833333 0.000000 0.000000 0.000000 0.000000 0.000000 0.000000 0.000000 0.166667 0.000000 0.000000 0.000000 0.000000 0.000000 0.000000
0.000000 1.000000 0.000000 0.000000 0.000000 0.000000 0.000000 0.000000 0.000000 0.000000 0.000000 0.000000 0.000000 0.000000 0.000000 0.000000 0.000000 0.000000 0.000000 0.000000
0.000000 0.166667 0.000000 0.000000 0.000000 0.000000 0.000000 0.000000 0.000000 0.000000 0.000000 0.000000 0.000000 0.000000 0.000000 0.000000 0.166667 0.666667 0.000000 0.000000

log-odds matrix: alength= 20 w= 6 E= 7.5e-005
   210   -340   -146      6    -50   -308    -42   -309    -92   -107   -187    277   -262   -237   -225    273     42     72   -240    -73
  -338   -477   -373   -236   -226   -528    -53   -480    -45   -247    -58   -236   -348   -301    365   -159   -191   -435   -237   -204
  -253   -505   -248    140   -191   -537    121   -451   -182   -144   -179   -156   -305    333   -230    -88   -122   -343   -242   -197
  -200   -528   -202   -145   -224    226   -173   -537   -237   -349   -390   -147   -378   -100   -334    -48   -177   -389   -311   -208
  -383    360   -480   -326   -267   -670   -335   -523   -477   -356   -418   -425   -536   -596   -518   -275   -235   -472   -492   -355
  -102    -92   -305   -153    -41   -483   -145    -92   -264    -56   -180   -265   -317   -411   -332    -86    153    332   -293   -166