MEME version 4.10.1

ALPHABET= ACDEFGHIKLMNPQRSTVWY

Background letter frequencies (from unknown source):
A 0.100 C 0.020 D 0.180 E 0.180 F 0.020 G 0.020 H 0.020 I 0.020 K 0.020
L 0.120 M 0.040 N 0.020 P 0.020 Q 0.020 R 0.020 S 0.060 T 0.020 V 0.060
W 0.020 Y 0.020

MOTIF YM_tail

letter-probability matrix: alength= 20 w= 6 nsites= 2 E= 4.0e+001
0.000000 0.000000 1.000000 0.000000 0.000000 0.000000 0.000000 0.000000 0.000000 0.000000 0.000000 0.000000 0.000000 0.000000 0.000000 0.000000 0.000000 0.000000 0.000000 0.000000
0.000000 0.000000 0.000000 0.000000 0.000000 0.000000 0.000000 0.000000 0.000000 1.000000 0.000000 0.000000 0.000000 0.000000 0.000000 0.000000 0.000000 0.000000 0.000000 0.000000
0.000000 0.000000 1.000000 0.000000 0.000000 0.000000 0.000000 0.000000 0.000000 0.000000 0.000000 0.000000 0.000000 0.000000 0.000000 0.000000 0.000000 0.000000 0.000000 0.000000
0.000000 0.000000 0.000000 0.000000 0.000000 0.000000 0.000000 0.000000 0.000000 0.000000 0.000000 0.000000 0.000000 0.000000 0.000000 0.000000 0.000000 1.000000 0.000000 0.000000
1.000000 0.000000 0.000000 0.000000 0.000000 0.000000 0.000000 0.000000 0.000000 0.000000 0.000000 0.000000 0.000000 0.000000 0.000000 0.000000 0.000000 0.000000 0.000000 0.000000
1.000000 0.000000 0.000000 0.000000 0.000000 0.000000 0.000000 0.000000 0.000000 0.000000 0.000000 0.000000 0.000000 0.000000 0.000000 0.000000 0.000000 0.000000 0.000000 0.000000

log-odds matrix: alength= 20 w= 6 E= 4.0e+001
  -332   -352    223   -221   -282   -142   -197   -227   -166   -445   -419     59   -271   -178   -198   -254   -171   -343   -421   -265
  -281   -226   -563   -478     23   -202   -241    140   -142    265    -34   -214   -189   -138   -133   -281    -77    -61   -266   -137
  -332   -352    223   -221   -282   -142   -197   -227   -166   -445   -419     59   -271   -178   -198   -254   -171   -343   -421   -265
  -128   -142   -495   -441    -98   -147   -230    232   -131   -156   -179   -181   -164   -183   -132   -233     24    352   -360   -212
   282    -62   -433   -373   -139     64   -216    -45    -75   -262   -230   -108   -123   -118    -98    -11     30    -67   -325   -195
   282    -62   -433   -373   -139     64   -216    -45    -75   -262   -230   -108   -123   -118    -98    -11     30    -67   -325   -195