MEME version 4.10.1

ALPHABET= ACDEFGHIKLMNPQRSTVWY

Background letter frequencies (from unknown source):
A 0.059 C 0.020 D 0.059 E 0.196 F 0.020 G 0.059 H 0.020 I 0.118 K 0.020
L 0.020 M 0.059 N 0.039 P 0.020 Q 0.020 R 0.020 S 0.039 T 0.078 V 0.098
W 0.020 Y 0.020

MOTIF YM_lead

letter-probability matrix: alength= 20 w= 6 nsites= 2 E= 1.9e+001
0.000000 0.000000 0.000000 0.000000 0.000000 0.000000 0.000000 0.000000 0.000000 0.000000 0.000000 0.000000 0.000000 0.000000 0.000000 0.000000 0.000000 1.000000 0.000000 0.000000
0.000000 0.000000 1.000000 0.000000 0.000000 0.000000 0.000000 0.000000 0.000000 0.000000 0.000000 0.000000 0.000000 0.000000 0.000000 0.000000 0.000000 0.000000 0.000000 0.000000
0.000000 0.000000 0.000000 0.000000 0.000000 0.000000 0.000000 1.000000 0.000000 0.000000 0.000000 0.000000 0.000000 0.000000 0.000000 0.000000 0.000000 0.000000 0.000000 0.000000
0.000000 0.000000 0.000000 1.000000 0.000000 0.000000 0.000000 0.000000 0.000000 0.000000 0.000000 0.000000 0.000000 0.000000 0.000000 0.000000 0.000000 0.000000 0.000000 0.000000
0.000000 0.000000 0.000000 0.000000 0.000000 0.000000 0.000000 0.000000 0.000000 0.000000 0.000000 0.000000 0.000000 0.000000 0.000000 0.000000 0.000000 1.000000 0.000000 0.000000
0.000000 0.000000 0.000000 0.000000 0.000000 1.000000 0.000000 0.000000 0.000000 0.000000 0.000000 0.000000 0.000000 0.000000 0.000000 0.000000 0.000000 0.000000 0.000000 0.000000

log-odds matrix: alength= 20 w= 6 E= 1.9e+001
   -51   -140   -333   -453    -95   -302   -227    -24   -128    105   -235   -279   -161   -180   -129   -172   -173    281   -357   -210
  -255   -349    385   -233   -280   -298   -195   -482   -163   -184   -475    -38   -268   -175   -195   -192   -368   -413   -419   -262
  -199   -233   -377   -516    -79   -364   -307    249   -154    203   -160   -294   -247   -214   -196   -215   -252     50   -352   -171
  -397   -536   -197    228   -459   -455   -379   -604   -281   -342   -626   -354   -412   -203   -335   -384   -513   -562   -591   -458
   -51   -140   -333   -453    -95   -302   -227    -24   -128    105   -235   -279   -161   -180   -129   -172   -173    281   -357   -210
  -129   -295   -240   -456   -290    388   -248   -502   -119   -211   -461   -169   -210   -207   -133   -122   -344   -406   -383   -278